Disease	Site	Co.evolution	Conservation	Entropy	RASA	energy	Betweenness	Closeness	Degree	Eigenvector	Clustering.coefficient	Effectiveness	Sensitivity	MSF	DFI	Stiffness
ASD	126	0.029503926	9	0.101	37.04	-0.0371712	2.998137685	4.41E-08	0	-0.002458789	-0.098258706	10.78173355	0.52928252	0.06989956	0.00381399	16.08963106
ASD	34	0.086810842	9	0.107	0	1.31348	-32.267283	-8.54E-08	-0.014925373	0.000355331	0.053482587	17.19935577	0.20709728	0.05365002	0.00608368	16.50187445
ASD	39	0.189514521	9	0.548	0.038419	2.23606	8.613818884	9.35E-09	-0.014925373	-0.000111785	0.002487562	5.58133609	0.71340867	0.07572279	0.0019748	14.26935603
ASD	79	0.431496203	4	1.85	57.299	0.156008	-0.41688431	-9.57E-09	-0.007462687	5.18E-10	0.007462687	4.06533785	0.78032216	0.15316822	0.00143864	11.66769912
ASD	130	-6.51E-16	9	0	1.2578	0.29738	-44.91884641	-2.10E-08	-0.029850746	-0.005048224	0.072139303	30.13823571	0.11482808	0.04782672	0.01065969	16.64545769
ASD	130	-6.51E-16	9	0	1.2578	-0.0705887	-44.91884641	-2.10E-08	-0.029850746	-0.005048224	0.072139303	30.13823571	0.11482808	0.04782672	0.01065969	16.64545769
ASD	130	-6.51E-16	9	0	1.2578	0.302776	-44.91884641	-2.10E-08	-0.029850746	-0.005048224	0.072139303	30.13823571	0.11482808	0.04782672	0.01065969	16.64545769
ASD	14	0.343374647	8	1.05	45.649	2.48932	2.344171107	4.81E-08	0	-1.42E-10	0	5.57114105	1.06669312	0.06935334	0.00197119	14.34714364
ASD	159	-6.52E-16	9	0	0	5.00319	1.463015519	4.45E-08	-0.02238806	-0.002086993	0.0460199	7.64763239	0.73991605	0.05338633	0.00270557	14.99966115
ASD	15	0.071903061	9	0	15.824	1.2691	2.784763614	5.58E-08	0.02238806	-1.43E-11	0	6.35860272	0.94232708	0.07133454	0.00224969	14.97505558
ASD	15	0.071903061	9	0	15.824	0.68843	2.784763614	5.58E-08	0.02238806	-1.43E-11	0	6.35860272	0.94232708	0.07133454	0.00224969	14.97505558
ASD	173	0.023907449	9	0.101	11.482	3.03487	27.73454564	3.48E-07	0.037313433	-0.001062802	0.018656716	23.47555542	0.1652575	0.05943438	0.00830334	16.48755609
ASD	173	0.023907449	9	0.101	11.482	3.61719	27.73454564	3.48E-07	0.037313433	-0.001062802	0.018656716	23.47555542	0.1652575	0.05943438	0.00830334	16.48755609
ASD	335	0.229300448	8	0.817	77.509	-0.237772	2.788122446	1.65E-07	0.014925373	6.76E-09	0	1.86071111	3.2909063	0.11410613	0.00065895	11.84541651
ASD	335	0.229300448	8	0.817	77.509	0.318054	2.788122446	1.65E-07	0.014925373	6.76E-09	0	1.86071111	3.2909063	0.11410613	0.00065895	11.84541651
ASD	12	0.344281005	7	1.31	36.747	0.930573	2.437566773	4.28E-08	0	-1.42E-08	0	3.9444227	1.55868077	0.09032956	0.00139588	13.49727982
ASD	276	0.037259537	9	0.101	0.085979	2.15614	-0.021219646	-1.87E-09	-0.007462687	0.000307839	0.004975124	20.18641363	0.06386541	0.06275597	0.00714009	16.24029262
ASD	48	0.054551072	9	0	1.091	3.14011	-24.88514101	-2.18E-09	-0.052238806	-0.000606969	0.003162758	7.4735383	0.63135506	0.0718257	0.002644	15.08852148
ASD	107	0.14920952	7	0.532	22.894	2.37078	1.635428062	8.56E-10	0.044776119	-3.81E-05	0.087064677	8.61390042	0.58028848	0.10110698	0.00304731	13.58723423
ASD	107	0.14920952	7	0.532	22.894	2.36211	1.635428062	8.56E-10	0.044776119	-3.81E-05	0.087064677	8.61390042	0.58028848	0.10110698	0.00304731	13.58723423
ASD	162	0.103444147	7	0.538	36.777	1.67374	-0.045568948	4.32E-08	0	-6.80E-06	0	3.29980334	1.78456862	0.10061448	0.0011679	12.0302439
ASD	22	0.209199843	9	0.631	27.945	0.585118	0	-8.26E-08	0	-2.93E-06	0.313432836	6.00354731	0.92659751	0.0859989	0.00212412	14.06730153
ASD	24	0.06664633	9	0	7.8426	2.24616	0	-8.82E-08	0	-1.28E-05	-0.328358209	9.14776079	0.63249227	0.05894569	0.00323611	15.79950073
ASD	252	-6.56E-16	9	0	6.9288	4.53776	151.8674718	3.35E-07	0.037313433	0.000454309	0.002487562	18.95555503	0.1572027	0.06139936	0.00670478	15.20491114
ASD	252	-6.56E-16	9	0	6.9288	1.55354	151.8674718	3.35E-07	0.037313433	0.000454309	0.002487562	18.95555503	0.1572027	0.06139936	0.00670478	15.20491114
ASD	326	-6.59E-16	9	0	2.7834	4.2741	113.0396369	2.55E-07	0.029850746	3.33E-06	0	7.831053	0.74720092	0.05947238	0.00277044	15.23020927
ASD	326	-6.59E-16	9	0	2.7834	0.184673	113.0396369	2.55E-07	0.029850746	3.33E-06	0	7.831053	0.74720092	0.05947238	0.00277044	15.23020927
ASD	92	-6.49E-16	9	0	28.246	-0.358556	2.168158942	8.65E-08	0	-6.57E-06	0	10.77913091	0.46734185	0.07923749	0.00381307	14.77396816
ASD	105	-6.50E-16	7	0	0	16.038	-6.636160567	-3.74E-09	0	-0.002235322	0.002487562	13.08340768	0.35828312	0.06766939	0.00462801	15.70575449
ASD	136	0.078766157	7	0.274	0	13.9394	2.85424592	2.71E-08	-0.007462687	-0.164734484	0.069651741	16.95444875	0.2811845	0.04748973	0.00599706	16.66921595
ASD	211	0.404058335	4	1.44	8.6257	22.3068	-3.760496784	1.18E-08	-0.007462687	2.46E-06	-0.044029851	2.29885198	2.76851342	0.08188021	0.0008139	13.48511328
ASD	171	0.023907449	9	0.101	1.0896	1.85494	-151.7853521	1.61E-08	0.014925373	-0.001092628	0.131840796	26.41551161	0.15514721	0.05517555	0.0093431	16.48747245
ASD	17	0.501976187	5	1.77	53.509	0.889246	0.016852579	-7.65E-08	0	5.87E-14	0	4.89042685	1.11358893	0.11732166	0.00173045	13.63762584
ASD	298	0.531232435	1	2.27	79.789	0.064424	0.055837308	1.49E-08	0	-2.95E-17	0	3.7095876	1.14476258	0.17699137	0.00131283	11.77921721
ASD	150	0.232992958	6	1.12	44.874	0.0514904	0.60996981	7.89E-08	0.02238806	-0.000194639	0.008706468	4.93407661	1.07179767	0.08605483	0.00174589	13.70755716
ASD	150	0.232992958	6	1.12	44.874	1.42945	0.60996981	7.89E-08	0.02238806	-0.000194639	0.008706468	4.93407661	1.07179767	0.08605483	0.00174589	13.70755716
ASD	157	0.532797674	5	1.9	46.371	-0.132099	0.208627856	5.52E-08	-0.007462687	-0.007490903	0.124378109	4.48692115	1.25452192	0.08349892	0.00158774	13.17259101
ASD	157	0.532797674	5	1.9	46.371	0.968608	0.208627856	5.52E-08	-0.007462687	-0.007490903	0.124378109	4.48692115	1.25452192	0.08349892	0.00158774	13.17259101
ASD	288	0.543211833	1	2.07	88.182	-9.27E-05	-0.055837308	4.64E-09	0	3.28E-11	0	2.42331759	1.82821658	0.19388706	0.00085792	10.07595952
ASD	43	0.054551072	9	0	32.186	0.0284189	-1.183049333	-1.60E-07	0	-8.79E-06	-0.320895522	3.64877879	1.3203924	0.11155763	0.00129132	11.90809222
ASD	127	0.029503926	9	0.101	0	29.7388	22.32979391	-1.96E-07	-0.037313433	-0.000780229	0.057711443	17.53311864	0.29619705	0.05965754	0.00620172	16.35293052
ASD	129	-6.51E-16	9	0	18.26	1.89543	40.21798591	4.96E-08	-0.052238806	-0.002467123	0	17.7819361	0.2979922	0.05347273	0.00628971	16.56059629
ASD	129	-6.51E-16	9	0	18.26	0.543964	40.21798591	4.96E-08	-0.052238806	-0.002467123	0	17.7819361	0.2979922	0.05347273	0.00628971	16.56059629
ASD	132	-6.51E-16	9	0	0	4.57351	9.205797092	6.54E-08	-0.037313433	-0.12138204	0	24.16902388	0.18576047	0.04929785	0.0085486	16.70077249
ASD	132	-6.51E-16	9	0	0	11.0522	9.205797092	6.54E-08	-0.037313433	-0.12138204	0	24.16902388	0.18576047	0.04929785	0.0085486	16.70077249
ASD	165	0.023907449	9	0.101	4.0351	8.40957	6.366582857	8.36E-08	0.014925373	-0.000510262	0	8.47628173	0.68876902	0.05363907	0.00299864	16.02515205
ASD	36	0.082920758	9	0.105	3.8047	4.52039	-42.41011805	-1.77E-08	-0.029850746	-0.002904643	0.002487562	13.00012386	0.37877532	0.0589707	0.00459856	16.06612505
ASD	44	0.213345592	6	0.689	6.3953	5.03082	-12.43828433	-1.86E-07	-0.037313433	-7.78E-05	-0.106965174	4.38194783	1.05513217	0.09174347	0.00155062	13.04603374
ASD	118	0.258439666	9	0.723	10.9	4.80628	-0.852550368	7.30E-08	-0.007462687	0.000104635	-0.047512438	6.58817419	0.65126088	0.08654183	0.00233088	13.39361372
ASD	123	-6.51E-16	9	0	0	1.39895	29.74129663	1.32E-07	0.007462687	-0.000274387	0.034825871	18.26289917	0.1071553	0.0541485	0.00645981	16.53858248
ASD	141	0.187653498	7	0.729	27.978	0.4228	-9.258719691	2.75E-09	-0.007462687	-0.006819455	0.018159204	7.68822051	0.64690074	0.06535292	0.00271993	14.57012928
ASD	61	0.074110554	9	0	16.31	0.216153	-5.366605857	-8.36E-08	-0.007462687	-2.51E-09	-0.047263682	5.79974837	0.40148745	0.09447322	0.00205204	13.52340942
ASD	61	0.074110554	9	0	16.31	1.21971	-5.366605857	-8.36E-08	-0.007462687	-2.51E-09	-0.047263682	5.79974837	0.40148745	0.09447322	0.00205204	13.52340942
ASD	93	-6.49E-16	9	0	38.063	-1.31281	2.301700094	9.62E-08	0	-6.59E-07	0	11.58760099	0.4636614	0.07315398	0.004099	15.5155946
ASD	93	-6.49E-16	9	0	38.063	0.298302	2.301700094	9.62E-08	0	-6.59E-07	0	11.58760099	0.4636614	0.07315398	0.004099	15.5155946
ASD	93	-6.49E-16	9	0	38.063	-1.1271	2.301700094	9.62E-08	0	-6.59E-07	0	11.58760099	0.4636614	0.07315398	0.004099	15.5155946
ASD	101	0.107850037	8	0.386	0	3.37379	-4.684208605	1.96E-09	-0.029850746	-0.00171355	0	23.53116649	0.13996657	0.06391763	0.00832301	15.89437333
ASD	101	0.107850037	8	0.386	0	1.97099	-4.684208605	1.96E-09	-0.029850746	-0.00171355	0	23.53116649	0.13996657	0.06391763	0.00832301	15.89437333
ASD	122	0.172435248	8	0.685	0	5.21118	4.936758934	2.35E-08	0	-0.000165878	0	15.31685659	0.06049182	0.05182664	0.0054179	16.63121104
ASD	135	0.105464836	8	0.451	0.0688	10.277	-8.142886447	-7.92E-08	-0.029850746	-0.089660825	-0.072139303	23.46515434	0.16250316	0.05143859	0.00829966	16.71056061
ASD	135	0.105464836	8	0.451	0.0688	4.46652	-8.142886447	-7.92E-08	-0.029850746	-0.089660825	-0.072139303	23.46515434	0.16250316	0.05143859	0.00829966	16.71056061
ASD	50	0.268903502	8	0.832	1.377	2.7169	-6.769564677	-4.43E-10	-0.02238806	-4.11E-05	0	5.68758677	0.48014744	0.07911164	0.00201238	14.52670685
ASD	139	0.071869457	9	0.377	0.93237	1.62349	-1.192467178	-6.75E-08	0.007462687	-0.015205907	0.034825871	9.07258746	0.54632062	0.06013301	0.00320953	15.66675222
ASD	182	0.215532627	6	1.03	31.829	2.70273	-10.84405636	-2.71E-09	-0.007462687	-0.000172335	0.013681592	6.27470011	0.76914656	0.07608723	0.00222002	14.20080491
ASD	220	0.575453605	3	1.99	47.652	1.6054	3.480174598	3.35E-07	0.014925373	3.04E-06	0	9.05554593	0.48719519	0.09298428	0.0032035	13.85851836
ASD	23	0.071903061	9	0	0.64862	6.30489	-1.582079147	-9.69E-08	0	-1.48E-05	0.2039801	8.26387081	0.64839025	0.0674199	0.00292351	15.1943686
ASD	23	0.071903061	9	0	0.64862	1.91989	-1.582079147	-9.69E-08	0	-1.48E-05	0.2039801	8.26387081	0.64839025	0.0674199	0.00292351	15.1943686
ASD	247	0.438459994	5	1.54	11.353	4.13404	4.422545042	1.83E-07	0	0.003183183	4.16E-16	5.44646085	0.67480049	0.08502799	0.0019271	13.7096954
ASD	25	0.071903061	9	0	0.73975	7.33928	-5.862125897	-8.77E-08	-0.007462687	-9.73E-05	-0.054726368	11.53877122	0.4286663	0.06019521	0.00408173	16.25608829
ASD	316	0.496224691	3	1.82	6.7037	2.30936	-11.28439108	1.90E-08	-0.02238806	0.003349312	5.27E-16	5.46694316	0.21773147	0.07141763	0.00193434	14.57926122
ASD	320	0.184975588	6	0.859	1.0391	4.80373	-11.93781534	1.83E-08	0	0.002046023	-0.002487562	10.21650141	0.54030871	0.07074182	0.00361409	15.59858099
ASD	70	0.074110554	9	0	0	5.24129	6.76428238	1.02E-07	0	0.001038491	0	18.38578568	0.12801778	0.05743047	0.00650327	15.65383129
ASD	125	-6.51E-16	9	0	18.222	0.660889	0	9.78E-09	0	-0.000644568	-0.328358209	10.45291589	0.46752636	0.06545357	0.0036977	15.57048526
ASD	128	-6.51E-16	9	0	31.292	1.70528	2.653709634	4.02E-08	0	-0.000153707	0	14.2863725	0.39379909	0.05589081	0.00505346	16.4127645
ASD	12	0.344281005	7	1.31	36.747	1.38671	2.437566773	4.28E-08	0	-1.42E-08	0	3.9444227	1.55868077	0.09032956	0.00139588	13.49727982
ASD	13	0.227609334	9	0.631	9.0992	2.29157	2.392385393	4.27E-08	0	-1.42E-09	0	5.82656171	1.0540319	0.05806401	0.00206153	14.76907993
ASD	164	0.090770924	9	0.274	33.779	0.690902	-0.617480264	6.89E-08	0	-5.12E-05	0	5.26232461	1.12824731	0.07299399	0.00186198	14.54981534
ASD	254	0.208032501	7	0.712	18.204	4.03961	-13.89391874	-4.04E-10	0	4.19E-05	0.007462687	12.85314749	0.3615282	0.06945181	0.00454658	15.85312404
ASD	267	0.22015107	7	0.739	40.728	0.680047	1.757470524	2.32E-08	0.02238806	-1.13E-06	0	2.10787092	2.75040613	0.1042714	0.00074636	11.75526903
ASD	6	0.185937044	9	0.598	12.415	0.633678	5.870244399	8.71E-08	0.029850746	-8.00E-07	0.106965174	4.02937292	1.4735683	0.08604456	0.00142592	13.10045139
ASD	134	0.037259537	9	0.101	0	4.04058	1.474583043	1.49E-08	-0.02238806	-0.082434137	-0.070646766	37.16227102	0.04659485	0.05043258	0.01314384	16.78948647
ASD	134	0.037259537	9	0.101	0	2.02321	1.474583043	1.49E-08	-0.02238806	-0.082434137	-0.070646766	37.16227102	0.04659485	0.05043258	0.01314384	16.78948647
ASD	134	0.037259537	9	0.101	0	2.83039	1.474583043	1.49E-08	-0.02238806	-0.082434137	-0.070646766	37.16227102	0.04659485	0.05043258	0.01314384	16.78948647
ASD	1	0.11089119	9	0	102.4	0.621214	0	3.64E-09	0	-2.70E-17	0	1.77882143	2.64847162	0.22277441	0.00062999	10.76123601
ASD	1	0.11089119	9	0	102.4	0.995859	0	3.64E-09	0	-2.70E-17	0	1.77882143	2.64847162	0.22277441	0.00062999	10.76123601
ASD	239	0.546400676	4	1.92	2.0634	3.7802	-3.495375196	7.94E-09	-0.029850746	0.000130388	5.00E-16	4.20198817	1.48488089	0.07371472	0.00148697	13.74506965
ASD	239	0.546400676	4	1.92	2.0634	3.92251	-3.495375196	7.94E-09	-0.029850746	0.000130388	5.00E-16	4.20198817	1.48488089	0.07371472	0.00148697	13.74506965
ASD	270	0.311151458	5	1.23	0.34866	4.05436	1.42211484	7.41E-08	0	-5.71E-06	0	3.72443943	1.68306293	0.06478447	0.00131808	14.98187302
ASD	270	0.311151458	5	1.23	0.34866	3.95924	1.42211484	7.41E-08	0	-5.71E-06	0	3.72443943	1.68306293	0.06478447	0.00131808	14.98187302
ASD	35	0.082920758	9	0.105	0	4.72236	15.94306147	5.56E-08	-0.007462687	-0.000728663	0.111940299	16.44879216	0.24474481	0.05375488	0.00581823	16.37430124
ASD	200	0.353660468	6	1.4	0	6.27135	-5.823005041	1.63E-08	-0.007462687	0.000601199	0.007462687	5.54809825	1.14699844	0.06923622	0.00196304	15.00782639
ASD	206	0.407402995	6	1.47	20.348	0.869072	3.892751659	6.09E-08	0	8.97E-07	-0.094527363	2.03130443	3.10811561	0.08255237	0.00071928	12.68638232
ASD	241	0.565235062	5	1.98	1.3632	4.47393	-4.311428028	1.03E-08	-0.014925373	0.000343224	-0.006965174	5.16685619	1.00491183	0.07029098	0.00182821	14.03898897
ASD	241	0.565235062	5	1.98	1.3632	1.72074	-4.311428028	1.03E-08	-0.014925373	0.000343224	-0.006965174	5.16685619	1.00491183	0.07029098	0.00182821	14.03898897
ASD	241	0.565235062	5	1.98	1.3632	6.01208	-4.311428028	1.03E-08	-0.014925373	0.000343224	-0.006965174	5.16685619	1.00491183	0.07029098	0.00182821	14.03898897
ASD	204	0.139747324	6	0.473	0.033563	2.64352	3.54136085	7.29E-08	0	9.56E-06	0.009950249	2.86306389	2.27118949	0.06811063	0.00101344	15.04760764
ASD	246	0.405225104	4	1.39	41.643	2.18494	0.627909509	4.44E-10	0.014925373	0.000574932	0.002985075	4.88958186	0.65545587	0.09109348	0.00173015	13.04130795
ASD	354	0.477193393	1	1.79	87.168	0.331706	0	2.35E-09	0	-1.24E-11	0	2.51185283	1.6601833	0.30043889	0.00088923	8.80934127
ASD	38	0.075216293	9	0.105	0	17.0768	12.52854458	1.04E-08	0	-3.67E-05	0	8.01991942	0.40323461	0.0668536	0.00283724	15.64452684
ASD	89	0.170807556	6	0.676	47.193	1.48868	1.672461301	8.70E-09	0.007462687	-2.58E-06	0	13.66252459	0.26630155	0.07405286	0.00483283	14.38255302
ASD	95	0.073618214	8	0.287	6.3139	7.29341	4.591317161	8.28E-08	0.007462687	-7.38E-09	0	32.357699	0.07599702	0.05118175	0.01144464	16.31204213
ASD	96	-6.50E-16	9	0	1.6642	7.13994	0.247330635	-3.59E-09	-0.007462687	-0.000654134	0	31.26775423	0.05088469	0.05685429	0.01105916	15.9762716
ASD	170	0.023907449	9	0.101	0.033218	9.35014	-98.15522879	2.80E-08	0.059701493	-0.000522719	0.121890547	21.08479478	0.21707386	0.05471013	0.00745782	16.28328885
ASD	170	0.023907449	9	0.101	0.033218	3.24585	-98.15522879	2.80E-08	0.059701493	-0.000522719	0.121890547	21.08479478	0.21707386	0.05471013	0.00745782	16.28328885
ASD	170	0.023907449	9	0.101	0.033218	2.49587	-98.15522879	2.80E-08	0.059701493	-0.000522719	0.121890547	21.08479478	0.21707386	0.05471013	0.00745782	16.28328885
ASD	294	0.551121162	2	2.06	94.832	-0.398359	0.055837308	9.76E-09	0	-1.09E-17	0	1.91981664	2.2960191	0.29409233	0.00067985	10.1181298
ASD	305	0.548654628	1	2.46	46.344	0.303357	0.909404683	2.37E-08	0	0.001442709	-0.002487562	5.10302532	0.45490587	0.08710758	0.00180564	13.07271604
ASD	131	-6.51E-16	9	0	0	1.62358	15.4245403	1.64E-08	-0.02238806	-0.018968745	0.028855721	30.43148945	0.08945699	0.05261172	0.01076341	16.78697914
ASD	131	-6.51E-16	9	0	0	3.13767	15.4245403	1.64E-08	-0.02238806	-0.018968745	0.028855721	30.43148945	0.08945699	0.05261172	0.01076341	16.78697914
ASD	160	0.039361198	9	0.173	1.1267	2.68515	0.647828523	7.99E-08	0.014925373	-0.000628552	0	5.28822837	1.11053386	0.07328219	0.00187114	14.20544853
ASD	167	-6.52E-16	9	0	41.893	-0.322334	20.74527024	-1.20E-08	-0.007462687	-0.002110863	0	7.96897002	0.71611413	0.06586131	0.00281922	15.3538788
ASD	202	0.437907216	6	1.35	18.848	0.109907	1.701282861	1.11E-08	0	0.000407813	0	3.3986223	1.89937267	0.08061571	0.00120285	13.85726387
ASD	26	0.267921109	7	0.911	10.921	9.64154	7.684249584	-5.59E-08	0.007462687	2.30E-05	0	9.58017252	0.51502122	0.06563767	0.00338904	15.81969536
ASD	277	-6.57E-16	9	0	0	0.302618	-98.97926204	9.05E-09	0.029850746	0.002122584	0.01119403	18.16478569	0.12994141	0.06945404	0.00642511	16.0777502
ASD	78	0.499797919	3	2.03	35.701	-0.713706	1.908103607	2.54E-08	0.014925373	-1.60E-09	0	5.19407327	0.62733185	0.11892312	0.00183784	13.07277691
ASD	111	0.083337849	8	0.274	11.825	2.52323	-5.355373306	4.71E-10	-0.014925373	-3.16E-06	0.161691542	7.17692555	0.7239436	0.08718528	0.0025391	13.79253156
ASD	274	-6.57E-16	9	0	12.185	1.36616	292.8683722	3.13E-07	0.02238806	-2.27E-05	0.001243781	22.60550758	0.17564636	0.05256712	0.00799564	16.36983887
ASD	155	-6.52E-16	9	0	0	3.89435	9.648154408	7.56E-08	-0.014925373	-0.054975737	0.037064677	8.59559028	0.63718519	0.05547262	0.00304083	15.58234446
ASD	155	-6.52E-16	9	0	0	4.08223	9.648154408	7.56E-08	-0.014925373	-0.054975737	0.037064677	8.59559028	0.63718519	0.05547262	0.00304083	15.58234446
ASD	155	-6.52E-16	9	0	0	3.7029	9.648154408	7.56E-08	-0.014925373	-0.054975737	0.037064677	8.59559028	0.63718519	0.05547262	0.00304083	15.58234446
ASD	176	0.579559818	4	2.15	20.238	2.56097	4.7537961	2.21E-08	0	-0.010224712	0.043532338	15.13586168	0.27926462	0.05781821	0.00535389	16.52849303
ASD	177	-6.52E-16	9	0	5.6832	3.69765	2.294000885	8.37E-09	-0.007462687	-0.005015588	0.054726368	18.74151066	0.16648242	0.06471834	0.00662908	16.47641114
ASD	188	0.082615006	5	0.274	22.063	2.27108	-12.04970209	-7.99E-09	0	6.46E-13	0	9.00787792	0.54175247	0.08959789	0.00318664	13.7328321
ASD	27	0.114319141	9	0.113	27.425	3.23208	-0.423511974	-5.72E-08	0	-0.000106736	0	8.26957138	0.51835374	0.07651719	0.00292553	14.95944765
ASD	65	0.074110554	9	0	0.0016416	3.27307	-1.461344623	1.74E-08	-0.007462687	-3.59E-10	-0.109452736	10.37922966	0.31252992	0.07003295	0.00367164	14.78620777
ASD	68	0.110498777	9	0.107	0	4.39246	2.299145674	1.58E-08	0	0.001791758	0	19.73398432	0.11682973	0.06099897	0.00698008	16.30211979
ASD	68	0.110498777	9	0.107	0	5.47486	2.299145674	1.58E-08	0	0.001791758	0	19.73398432	0.11682973	0.06099897	0.00698008	16.30211979
ASD	68	0.110498777	9	0.107	0	4.54302	2.299145674	1.58E-08	0	0.001791758	0	19.73398432	0.11682973	0.06099897	0.00698008	16.30211979
ASD	68	0.110498777	9	0.107	0	4.33937	2.299145674	1.58E-08	0	0.001791758	0	19.73398432	0.11682973	0.06099897	0.00698008	16.30211979
ASD	88	0.119501335	5	0.714	13.681	3.57869	3.799348237	8.31E-09	0	-4.49E-06	0	16.90263797	0.21063216	0.07209222	0.00597874	14.79975922
ASD	133	0.206552899	8	0.698	0	-0.489793	-42.67457132	2.38E-08	0	-0.201060415	-0.145522388	35.84977747	0.08269517	0.0513454	0.01267966	16.85438571
ASD	217	0.208827425	6	0.838	0	4.07885	-1.115181425	-8.11E-10	0	-4.90E-05	0	6.69955008	0.72881859	0.06793474	0.00237027	14.73008915
ASD	255	0.230399031	6	0.953	0	3.66969	3.026433315	6.42E-10	0	5.25E-05	0.015174129	9.6326317	0.54612238	0.07734434	0.0034076	15.9673828
ASD	343	0.203432152	8	0.71	0	4.43291	-3.743910213	1.90E-08	0	0.001252535	0	8.37243734	0.73283044	0.07067805	0.00296191	15.74773636
ASD_Cancer	34	0.086810842	9	0.107	0	1.32498	-96.8851303	-3.63E-07	-0.024390244	0.0014018	0.06097561	17.19935577	0.20709728	0.05365002	0.00608368	16.50187445
ASD_Cancer	14	0.343374647	8	1.05	45.649	2.7064	6.166918482	1.38E-07	0	-1.92E-10	0	5.57114105	1.06669312	0.06935334	0.00197119	14.34714364
ASD_Cancer	15	0.071903061	9	0	15.824	0.660624	7.855019049	1.71E-07	0.073170732	-1.93E-11	0	6.35860272	0.94232708	0.07133454	0.00224969	14.97505558
ASD_Cancer	173	0.023907449	9	0.101	11.482	3.50574	31.96920659	3.18E-07	0	-0.001276443	0.024390244	23.47555542	0.1652575	0.05943438	0.00830334	16.48755609
ASD_Cancer	252	-6.56E-16	9	0	6.9288	3.69041	28.09706512	7.68E-08	0.073170732	0.000533349	0.004065041	18.95555503	0.1572027	0.06139936	0.00670478	15.20491114
ASD_Cancer	92	-6.49E-16	9	0	28.246	1.21968	0.009698026	-3.13E-09	0	-7.89E-06	0	10.77913091	0.46734185	0.07923749	0.00381307	14.77396816
ASD_Cancer	150	0.232992958	6	1.12	44.874	0.0426429	0.006910569	2.51E-09	0	-0.000233754	0	4.93407661	1.07179767	0.08605483	0.00174589	13.70755716
ASD_Cancer	129	-6.51E-16	9	0	18.26	2.02691	28.16109935	-1.11E-07	-0.146341463	-0.003019744	0	17.7819361	0.2979922	0.05347273	0.00628971	16.56059629
ASD_Cancer	132	-6.51E-16	9	0	0	4.54358	-7.475131823	-6.33E-08	-0.12195122	-0.142424385	0.040650407	24.16902388	0.18576047	0.04929785	0.0085486	16.70077249
ASD_Cancer	132	-6.51E-16	9	0	0	11.4477	-7.475131823	-6.33E-08	-0.12195122	-0.142424385	0.040650407	24.16902388	0.18576047	0.04929785	0.0085486	16.70077249
ASD_Cancer	165	0.023907449	9	0.101	4.0351	8.62518	16.53124464	-1.53E-08	0.024390244	-0.000533477	0	8.47628173	0.68876902	0.05363907	0.00299864	16.02515205
ASD_Cancer	36	0.082920758	9	0.105	3.8047	2.43653	-70.96796975	-7.66E-08	-0.073170732	-0.0035607	0.008130081	13.00012386	0.37877532	0.0589707	0.00459856	16.06612505
ASD_Cancer	61	0.074110554	9	0	16.31	1.22097	-17.90668873	-3.30E-07	-0.024390244	-4.71E-09	-0.052845528	5.79974837	0.40148745	0.09447322	0.00205204	13.52340942
ASD_Cancer	61	0.074110554	9	0	16.31	0.80283	-17.90668873	-3.30E-07	-0.024390244	-4.71E-09	-0.052845528	5.79974837	0.40148745	0.09447322	0.00205204	13.52340942
ASD_Cancer	93	-6.49E-16	9	0	38.063	-0.978251	0.076928646	-4.48E-09	0	-7.91E-07	0	11.58760099	0.4636614	0.07315398	0.004099	15.5155946
ASD_Cancer	101	0.107850037	8	0.386	0	3.39551	-6.520701874	-4.36E-08	-0.048780488	-0.002049232	0	23.53116649	0.13996657	0.06391763	0.00832301	15.89437333
ASD_Cancer	135	0.105464836	8	0.451	0.0688	10.6103	-17.05027359	-2.03E-07	-0.048780488	-0.105079919	-0.073170732	23.46515434	0.16250316	0.05143859	0.00829966	16.71056061
ASD_Cancer	139	0.071869457	9	0.377	0.93237	2.95898	0.361818017	-1.53E-07	0.024390244	-0.017615822	0.028455285	9.07258746	0.54632062	0.06013301	0.00320953	15.66675222
ASD_Cancer	247	0.438459994	5	1.54	11.353	4.13519	-1.154658162	-2.23E-08	0	0.004583439	-0.008130081	5.44646085	0.67480049	0.08502799	0.0019271	13.7096954
ASD_Cancer	316	0.496224691	3	1.82	6.7037	3.22662	-39.69960201	-2.49E-08	-0.073170732	0.004603027	0.004065041	5.46694316	0.21773147	0.07141763	0.00193434	14.57926122
ASD_Cancer	125	-6.51E-16	9	0	18.222	0.448066	0	-3.39E-08	0	-0.000807634	-0.390243902	10.45291589	0.46752636	0.06545357	0.0036977	15.57048526
ASD_Cancer	13	0.227609334	9	0.631	9.0992	2.70984	6.048625799	1.16E-07	0	-1.91E-09	0	5.82656171	1.0540319	0.05806401	0.00206153	14.76907993
ASD_Cancer	134	0.037259537	9	0.101	0	4.45494	3.074250718	-4.78E-08	-0.024390244	-0.095440568	-0.070731707	37.16227102	0.04659485	0.05043258	0.01314384	16.78948647
ASD_Cancer	134	0.037259537	9	0.101	0	2.08225	3.074250718	-4.78E-08	-0.024390244	-0.095440568	-0.070731707	37.16227102	0.04659485	0.05043258	0.01314384	16.78948647
ASD_Cancer	241	0.565235062	5	1.98	1.3632	5.98668	-13.11554508	-2.72E-08	-0.048780488	0.000488807	-0.000813008	5.16685619	1.00491183	0.07029098	0.00182821	14.03898897
ASD_Cancer	89	0.170807556	6	0.676	47.193	1.48231	0.239332244	-1.08E-08	0.024390244	-2.25E-06	0	13.66252459	0.26630155	0.07405286	0.00483283	14.38255302
ASD_Cancer	131	-6.51E-16	9	0	0	2.65067	-48.71900427	-5.11E-08	-0.048780488	-0.023371291	0.036585366	30.43148945	0.08945699	0.05261172	0.01076341	16.78697914
ASD_Cancer	131	-6.51E-16	9	0	0	2.73166	-48.71900427	-5.11E-08	-0.048780488	-0.023371291	0.036585366	30.43148945	0.08945699	0.05261172	0.01076341	16.78697914
ASD_Cancer	167	-6.52E-16	9	0	41.893	0.00704482	13.89322086	-3.34E-07	-0.024390244	-0.00254404	0	7.96897002	0.71611413	0.06586131	0.00281922	15.3538788
ASD_Cancer	26	0.267921109	7	0.911	10.921	7.49341	24.8502104	-2.69E-07	0.024390244	-6.58E-05	0	9.58017252	0.51502122	0.06563767	0.00338904	15.81969536
ASD_Cancer	277	-6.57E-16	9	0	0	-0.442899	32.01137541	-1.69E-08	0.073170732	0.002453916	0.004065041	18.16478569	0.12994141	0.06945404	0.00642511	16.0777502
ASD_Cancer	111	0.083337849	8	0.274	11.825	3.25805	-16.05327714	-4.50E-08	-0.048780488	-4.24E-06	0.178861789	7.17692555	0.7239436	0.08718528	0.0025391	13.79253156
ASD_Cancer	155	-6.52E-16	9	0	0	3.87492	25.75201142	1.12E-08	-0.024390244	-0.066418116	0.035772358	8.59559028	0.63718519	0.05547262	0.00304083	15.58234446
ASD_Cancer	155	-6.52E-16	9	0	0	3.96845	25.75201142	1.12E-08	-0.024390244	-0.066418116	0.035772358	8.59559028	0.63718519	0.05547262	0.00304083	15.58234446
ASD_Cancer	177	-6.52E-16	9	0	5.6832	2.92522	2.812697816	-3.01E-08	-0.024390244	-0.006023785	0.016260163	18.74151066	0.16648242	0.06471834	0.00662908	16.47641114
ASD_Cancer	27	0.114319141	9	0.113	27.425	3.25983	-0.858761461	-2.64E-07	0	5.86E-05	0	8.26957138	0.51835374	0.07651719	0.00292553	14.95944765
ASD_Cancer	68	0.110498777	9	0.107	0	4.59418	10.96886427	-1.54E-08	0	-0.002338784	0	19.73398432	0.11682973	0.06099897	0.00698008	16.30211979
ASD_Cancer	68	0.110498777	9	0.107	0	4.39331	10.96886427	-1.54E-08	0	-0.002338784	0	19.73398432	0.11682973	0.06099897	0.00698008	16.30211979
ASD_Cancer	68	0.110498777	9	0.107	0	4.33661	10.96886427	-1.54E-08	0	-0.002338784	0	19.73398432	0.11682973	0.06099897	0.00698008	16.30211979
ASD_Cancer	88	0.119501335	5	0.714	13.681	3.40304	-0.325455361	-1.32E-08	0	-2.83E-06	0	16.90263797	0.21063216	0.07209222	0.00597874	14.79975922
ASD_Cancer	255	0.230399031	6	0.953	0	3.66944	-1.530601385	-3.19E-08	0	5.83E-05	0.024390244	9.6326317	0.54612238	0.07734434	0.0034076	15.9673828
Cancer	255	0.230399031	6	0.953	0	4.50119	-1.805733376	-1.86E-07	0	5.82E-05	0.010928962	9.6326317	0.54612238	0.07734434	0.0034076	15.9673828
Cancer	85	-6.49E-16	9	0	17.256	3.02403	5.969084422	-8.13E-08	-0.009367681	2.79E-05	0.036065574	9.98099247	0.3753462	0.08252815	0.0035308	14.68735653
Cancer	234	0.343208051	4	1.32	54.008	-0.706697	0.095581893	-6.01E-08	0.004683841	5.84E-05	0	3.11673334	1.90874604	0.10277476	0.00110316	12.38483158
Cancer	171	0.023907449	9	0.101	1.0896	2.29376	-198.4732782	-1.84E-07	0.004683841	-0.001151114	0.112802498	26.41551161	0.15514721	0.05517555	0.0093431	16.48747245
Cancer	331	0.062612391	9	0.173	11.351	4.88432	0.309996884	-4.27E-09	0.007025761	-2.30E-10	0	2.7069205	2.20825226	0.09075597	0.00095822	12.9947375
Cancer	328	0.15537003	8	0.532	0.14855	3.24303	-4.216846187	-1.67E-07	0.00234192	-4.99E-05	0.008196721	4.44240223	1.3965402	0.05912897	0.001572	15.10632474
Cancer	61	0.074110554	9	0	16.31	1.88563	-7.406577465	-1.84E-07	-0.007025761	1.74E-07	-0.045667447	5.79974837	0.40148745	0.09447322	0.00205204	13.52340942
Cancer	264	0.399875217	6	1.29	62.505	0.382075	0.071835321	-1.37E-07	0.00234192	-1.53E-09	0	1.15278812	4.49500291	0.208785	0.00040858	9.85111307
Cancer	384	0.264443453	8	0.518	59.682	0.0565564	0	-8.92E-10	0	-1.70E-17	0	3.77652928	1.56261958	0.26411035	0.0013365	12.72649217
Cancer	179	0.412608498	6	1.72	14.375	1.3726	14.03573535	-8.83E-08	-0.009367681	-0.001645128	0.033411397	9.7601086	0.46023189	0.05640707	0.00345268	15.51842188
Cancer	103	0.300637068	4	1	43.855	1.94878	1.021416319	-8.02E-08	0.00234192	-0.012332687	0.227166276	9.44380725	0.49601867	0.11211623	0.00334082	13.78849304
Cancer	65	0.074110554	9	0	0.0016416	4.20519	1.005936882	-8.19E-08	-0.009367681	1.74E-05	-0.1245121	10.37922966	0.31252992	0.07003295	0.00367164	14.78620777
Cancer	103	0.300637068	4	1	43.855	2.84167	1.021416319	-8.02E-08	0.00234192	-0.012332687	0.227166276	9.44380725	0.49601867	0.11211623	0.00334082	13.78849304
Cancer	398	0.240554855	2	1.34	84.028	0.0130529	0	-5.08E-10	-0.00234192	-4.65E-17	0	0.04608383	117.3201089	0.8986596	1.72E-05	4.58388896
Cancer	50	0.268903502	8	0.832	1.377	1.7885	1.692740577	-1.42E-07	-0.014051522	-4.63E-05	0	5.68758677	0.48014744	0.07911164	0.00201238	14.52670685
Cancer	334	0.326639249	7	1.01	37.324	1.47019	0.096829167	1.95E-08	0.004683841	-3.26E-11	0	2.10490946	2.90033489	0.08837805	0.00074531	12.23855926
Cancer	207	0.515598721	6	1.94	44.45	0.323463	-0.544436947	-8.99E-08	0.004683841	3.21E-07	-0.101483216	1.58932828	3.89213408	0.11269817	0.00056297	11.54146362
Cancer	66	0.23527703	7	0.684	19.462	0.772391	0.209717379	-5.56E-08	-0.014051522	1.75E-06	0	14.34717737	0.27607329	0.07234767	0.00507496	15.37362269
Cancer	325	0.124785653	7	0.579	0	3.92109	-40.48286987	-1.73E-07	0.011709602	5.22E-05	0.00117096	8.24663167	0.7204819	0.05926841	0.00291742	15.35455041
Cancer	243	0.529104417	4	1.81	7.2934	2.17007	-0.250632909	2.39E-08	0	0.000213702	0	4.49944298	0.89536701	0.09073407	0.00159217	13.26223624
Cancer	384	0.264443453	8	0.518	59.682	0.0805545	0	-8.92E-10	0	-1.70E-17	0	3.77652928	1.56261958	0.26411035	0.0013365	12.72649217
Cancer	298	0.531232435	1	2.27	79.789	-0.0126929	-1.836743834	-1.06E-07	0	1.10E-09	0	3.7095876	1.14476258	0.17699137	0.00131283	11.77921721
Cancer	247	0.438459994	5	1.54	11.353	6.15782	0.81093532	-9.10E-09	0	0.003439787	-0.006635441	5.44646085	0.67480049	0.08502799	0.0019271	13.7096954
Cancer	320	0.184975588	6	0.859	1.0391	3.59175	-8.874795539	-1.16E-07	-0.00234192	0.002222809	-0.010538642	10.21650141	0.54030871	0.07074182	0.00361409	15.59858099
Cancer	176	0.579559818	4	2.15	20.238	2.13774	2.627326711	-1.41E-07	-0.004683841	-0.011025326	0.053473849	15.13586168	0.27926462	0.05781821	0.00535389	16.52849303
Cancer	129	-6.51E-16	9	0	18.26	1.44009	64.00993351	-7.50E-08	-0.037470726	-0.002573782	0	17.7819361	0.2979922	0.05347273	0.00628971	16.56059629
Cancer	321	0.507200055	4	2.12	39.854	0.713925	-9.074288334	-1.75E-07	-0.004683841	0.000445864	0	6.43943043	0.91938528	0.07316524	0.00227828	14.47614146
Cancer	172	0.173126475	7	0.631	24.67	5.31468	83.9730418	6.54E-09	0.007025761	-0.00324754	0.042622951	18.76054477	0.26124598	0.05574226	0.00663581	16.08038947
Cancer	20	0.257370851	7	0.697	97.873	2.26437	3.794530618	-1.50E-07	0	1.60E-09	0	3.98510235	0.93991964	0.15329324	0.00141027	11.7277387
Cancer	105	-6.50E-16	7	0	0	28.0641	7.411477289	-9.81E-08	-0.007025761	-0.001510291	0.00234192	13.08340768	0.35828312	0.06766939	0.00462801	15.70575449
Cancer	37	0.231803727	8	0.722	4.7333	2.35914	19.56186617	-1.50E-07	-0.016393443	-0.000296016	0	10.38479647	0.38931258	0.05731825	0.00367361	15.94853745
Cancer	130	-6.51E-16	9	0	1.2578	2.8205	-28.46823399	-1.55E-07	-0.016393443	-0.005339848	0.121779859	30.13823571	0.11482808	0.04782672	0.01065969	16.64545769
Cancer	19	0.296091444	7	0.944	67.557	-0.737027	3.845574154	-1.08E-07	0	1.58E-08	0	3.40127114	0.89911546	0.19054519	0.00120379	10.90842272
Cancer	248	0.303665873	3	1.06	67.825	1.36008	0.750584248	-5.97E-08	0.009367681	0.005273758	0	6.26266013	0.64574296	0.0846376	0.00221576	13.57274722
Cancer	94	0.253590323	9	0.924	17.137	-1.24415	1.13824801	-1.99E-07	0.00234192	-7.36E-08	0	18.20783889	0.26236012	0.06599884	0.00644034	15.80128284
Cancer	144	0.543594159	4	1.85	56.122	1.42105	0.663096527	3.83E-08	0.014051522	-0.000109858	0	4.46978027	1.12060766	0.10610485	0.00158168	13.43929702
Cancer	13	0.227609334	9	0.631	9.0992	1.67261	4.677981204	-1.18E-07	0	-1.47E-09	0	5.82656171	1.0540319	0.05806401	0.00206153	14.76907993
Cancer	87	0.657949985	5	2.32	52.206	1.60436	4.695636527	-1.16E-08	-0.004683841	-0.00010438	0	11.32337368	0.3392309	0.09207356	0.00400555	14.49755469
Cancer	30	0.289116912	5	0.904	82.241	1.46569	0.823906859	-8.42E-08	-0.023419204	-0.000186072	0.008977361	5.54026605	0.74123264	0.11705479	0.00196027	13.08010139
Cancer	106	0.383413706	4	1.35	45.068	0.565007	0.426373709	-6.64E-08	0.016393443	-0.000194527	0.213895394	7.36009883	0.67069816	0.09327924	0.00260388	13.89346175
Cancer	128	-6.51E-16	9	0	31.292	0.612898	1.007861856	-1.67E-08	0.004683841	-0.000175701	0	14.2863725	0.39379909	0.05589081	0.00505346	16.4127645
Cancer	43	0.054551072	9	0	32.186	0.69712	3.501927778	-1.09E-07	0.007025761	-1.00E-05	-0.37236534	3.64877879	1.3203924	0.11155763	0.00129132	11.90809222
Cancer	104	0.065311202	8	0.202	0	3.62061	-2.294538363	-7.55E-08	0	-0.003000085	0.076502732	16.31920799	0.26324051	0.06990212	0.0057724	15.33532793
Cancer	254	0.208032501	7	0.712	18.204	1.82395	1.86247665	-1.69E-07	-0.004683841	5.51E-05	0.016393443	12.85314749	0.3615282	0.06945181	0.00454658	15.85312404
Cancer	161	0.520076952	5	1.92	77.773	2.03657	-0.786726997	-1.40E-07	0	-6.20E-05	0	3.55607853	1.66751444	0.10061448	0.00125854	12.99527488
Cancer	131	-6.51E-16	9	0	0	1.30902	-52.15427019	-1.49E-07	-0.025761124	-0.019792547	0.024980484	30.43148945	0.08945699	0.05261172	0.01076341	16.78697914
Cancer	24	0.06664633	9	0	7.8426	2.28616	1.299963646	-1.43E-07	0.014051522	-1.41E-05	-0.367681499	9.14776079	0.63249227	0.05894569	0.00323611	15.79950073
Cancer	209	0.251259046	4	0.908	62.417	2.52053	-0.352632744	-5.95E-08	0.007025761	2.62E-07	-0.37392662	1.63054675	3.85100539	0.12608869	0.00057755	11.9284568
Cancer	135	0.105464836	8	0.451	0.0688	1.22185	9.189758726	-1.32E-07	-0.004683841	-0.096147431	-0.057377049	23.46515434	0.16250316	0.05143859	0.00829966	16.71056061
Cancer	43	0.054551072	9	0	32.186	-0.209965	3.501927778	-1.09E-07	0.007025761	-1.00E-05	-0.37236534	3.64877879	1.3203924	0.11155763	0.00129132	11.90809222
Cancer	119	0.068758854	8	0.334	3.5516	2.83132	3.533352762	-4.56E-08	-0.009367681	-0.000132038	-0.013583138	9.149662	0.38349545	0.06372148	0.00323679	14.85780455
Cancer	336	0.574208686	2	2.15	48.244	2.09557	-3.059121744	-1.16E-07	0.009367681	3.70E-08	0.0019516	2.35724641	2.68180902	0.07938068	0.00083455	13.35618523
Cancer	149	0.48137153	4	1.79	35.694	0.822989	0.543774	-3.99E-08	0.00234192	-2.32E-05	0	6.23120511	0.84899189	0.08411882	0.00220463	14.25284145
Cancer	36	0.082920758	9	0.105	3.8047	1.89792	-16.61194412	-1.87E-07	-0.007025761	-0.002914267	0	13.00012386	0.37877532	0.0589707	0.00459856	16.06612505
Cancer	206	0.407402995	6	1.47	20.348	3.0122	0.254013668	-7.72E-08	-0.00234192	9.67E-07	-0.095238095	2.03130443	3.10811561	0.08255237	0.00071928	12.68638232
Cancer	365	0.519912764	1	2.03	88.556	-0.0446296	0	-2.27E-09	0	-4.57E-17	0	0.25031302	2.38004661	0.63649507	8.94E-05	6.18945065
Cancer	152	0.120129202	8	0.402	1.698	0.635194	3.196975989	-1.38E-07	-0.018735363	-0.003217381	-0.021311475	8.89602267	0.60643569	0.05437597	0.00314708	14.96112206
Cancer	107	0.14920952	7	0.532	22.894	1.2228	-0.353161488	-6.66E-08	0.007025761	2.79E-06	0.077283372	8.61390042	0.58028848	0.10110698	0.00304731	13.58723423
Cancer	338	0.205143189	8	0.698	24.551	0.05016	2.776487778	-7.54E-08	0.011709602	5.31E-08	0.00039032	2.59405008	2.41936269	0.08102838	0.0009183	12.91508853
Cancer	256	0.270615433	6	0.96	12.267	1.75749	-13.39984194	-1.92E-07	-0.004683841	-0.000121775	0	6.49751744	0.88499226	0.07341477	0.00229882	15.11638507
Cancer	36	0.082920758	9	0.105	3.8047	2.50525	-16.61194412	-1.87E-07	-0.007025761	-0.002914267	0	13.00012386	0.37877532	0.0589707	0.00459856	16.06612505
Cancer	354	0.477193393	1	1.79	87.168	0.313111	0	-3.15E-08	0	-1.34E-11	0	2.51185283	1.6601833	0.30043889	0.00088923	8.80934127
Cancer	148	0.197636557	8	0.836	2.7093	5.79821	5.999321623	-7.58E-08	-0.007025761	-4.01E-05	0	8.29064182	0.59827731	0.06285423	0.00293298	15.05130474
Cancer	357	0.486733825	3	1.92	91.483	0.506743	0	-2.31E-08	0.00234192	-1.35E-14	0	1.56514451	2.42122598	0.35198033	0.00055442	7.45594161
Cancer	337	0.220212722	7	0.825	2.1162	1.38304	3.328882925	-1.30E-07	-0.014051522	3.43E-07	0.012880562	2.86434699	2.21813179	0.0692063	0.0010139	13.69756258
Cancer	130	-6.51E-16	9	0	1.2578	4.33714	-28.46823399	-1.55E-07	-0.016393443	-0.005339848	0.121779859	30.13823571	0.11482808	0.04782672	0.01065969	16.64545769
Cancer	150	0.232992958	6	1.12	44.874	0.0472941	0.25789856	-1.08E-07	0	-0.000182495	0.009367681	4.93407661	1.07179767	0.08605483	0.00174589	13.70755716
Cancer	88	0.119501335	5	0.714	13.681	4.10862	4.892474962	-9.57E-08	0	-8.64E-06	0	16.90263797	0.21063216	0.07209222	0.00597874	14.79975922
Cancer	274	-6.57E-16	9	0	12.185	5.43246	31.39199731	-1.33E-07	0.00234192	-2.20E-05	0.00039032	22.60550758	0.17564636	0.05256712	0.00799564	16.36983887
Cancer	35	0.082920758	9	0.105	0	0.746648	39.8795109	-3.28E-08	0	-0.001201265	0.104605777	16.44879216	0.24474481	0.05375488	0.00581823	16.37430124
Cancer	135	0.105464836	8	0.451	0.0688	1.32186	9.189758726	-1.32E-07	-0.004683841	-0.096147431	-0.057377049	23.46515434	0.16250316	0.05143859	0.00829966	16.71056061
Cancer	115	0.214670545	7	0.846	30.943	0.293886	-0.2361641	-6.75E-08	0	-1.14E-06	0	3.42665905	1.23999937	0.13938546	0.00121277	10.99029834
Cancer	59	0.543164869	4	2.07	62.186	-0.818444	0.029259948	-8.32E-08	0.011709602	1.90E-06	-0.192427791	3.78396211	0.36013976	0.13868044	0.00133913	12.73282437
Cancer	130	-6.51E-16	9	0	1.2578	0.981993	-28.46823399	-1.55E-07	-0.016393443	-0.005339848	0.121779859	30.13823571	0.11482808	0.04782672	0.01065969	16.64545769
Cancer	173	0.023907449	9	0.101	11.482	2.52543	12.63454356	-1.76E-08	0.014051522	-0.001138264	0.009367681	23.47555542	0.1652575	0.05943438	0.00830334	16.48755609
Cancer	25	0.071903061	9	0	0.73975	4.47015	-1.520970672	-1.85E-07	-0.004683841	-0.000119807	-0.06088993	11.53877122	0.4286663	0.06019521	0.00408173	16.25608829
Cancer	170	0.023907449	9	0.101	0.033218	3.54103	-248.8224098	-2.40E-07	0.014051522	-0.000551126	0.108899297	21.08479478	0.21707386	0.05471013	0.00745782	16.28328885
Cancer	13	0.227609334	9	0.631	9.0992	1.54693	4.677981204	-1.18E-07	0	-1.47E-09	0	5.82656171	1.0540319	0.05806401	0.00206153	14.76907993
Cancer	136	0.078766157	7	0.274	0	27.5664	10.37698103	-9.97E-08	-0.00234192	-0.176849186	0.056986729	16.95444875	0.2811845	0.04748973	0.00599706	16.66921595
Cancer	130	-6.51E-16	9	0	1.2578	0.770923	-28.46823399	-1.55E-07	-0.016393443	-0.005339848	0.121779859	30.13823571	0.11482808	0.04782672	0.01065969	16.64545769
Cancer	234	0.343208051	4	1.32	54.008	0.43407	0.095581893	-6.01E-08	0.004683841	5.84E-05	0	3.11673334	1.90874604	0.10277476	0.00110316	12.38483158
Cancer	6	0.185937044	9	0.598	12.415	0.303157	0.352943698	-1.13E-07	0.018735363	-8.20E-07	0.117096019	4.02937292	1.4735683	0.08604456	0.00142592	13.10045139
Cancer	307	0.645965616	1	2.5	33.173	0.287652	-0.281897086	-2.87E-08	0.00234192	0.000703413	0	3.57955911	0.43614082	0.11819677	0.00126684	12.76542591
Cancer	122	0.172435248	8	0.685	0	4.4348	0.813182255	-1.40E-07	-0.00234192	-0.00021007	0	15.31685659	0.06049182	0.05182664	0.0054179	16.63121104
Cancer	293	0.353789908	6	0.933	105.92	-0.177602	-1.840256715	-8.43E-08	0	-2.67E-17	0	1.46252789	2.71528103	0.31176628	0.00051812	9.30746774
Cancer	162	0.103444147	7	0.538	36.777	2.49891	0.148052305	-3.39E-08	0.00234192	-6.81E-06	0	3.29980334	1.78456862	0.10061448	0.0011679	12.0302439
Cancer	20	0.257370851	7	0.697	97.873	2.43893	3.794530618	-1.50E-07	0	1.60E-09	0	3.98510235	0.93991964	0.15329324	0.00141027	11.7277387
Cancer	217	0.208827425	6	0.838	0	4.65212	2.45584418	-1.40E-07	0	-4.58E-05	0	6.69955008	0.72881859	0.06793474	0.00237027	14.73008915
Cancer	130	-6.51E-16	9	0	1.2578	-0.467214	-28.46823399	-1.55E-07	-0.016393443	-0.005339848	0.121779859	30.13823571	0.11482808	0.04782672	0.01065969	16.64545769
Cancer	305	0.548654628	1	2.46	46.344	0.30308	-0.491750101	-5.74E-08	-0.00234192	0.001551062	-0.011709602	5.10302532	0.45490587	0.08710758	0.00180564	13.07271604
Cancer	142	0.49940369	6	1.64	54.294	2.11674	-1.922793806	-9.76E-08	0	-0.000773386	0.00312256	5.49103448	0.92233341	0.09211417	0.00194286	14.31781727
Cancer	252	-6.56E-16	9	0	6.9288	4.98165	70.5648705	-2.94E-08	0.011709602	0.000504283	0.00078064	18.95555503	0.1572027	0.06139936	0.00670478	15.20491114
Cancer	323	0.629505642	3	2.2	66.865	-0.708801	0.548421499	-7.87E-08	0.00234192	2.07E-06	0	5.47790965	1.07184948	0.07299023	0.00193822	14.1620222
Cancer	132	-6.51E-16	9	0	0	10.2062	11.90709717	-8.65E-08	-0.018735363	-0.135964239	0.06362217	24.16902388	0.18576047	0.04929785	0.0085486	16.70077249
Cancer	136	0.078766157	7	0.274	0	13.239	10.37698103	-9.97E-08	-0.00234192	-0.176849186	0.056986729	16.95444875	0.2811845	0.04748973	0.00599706	16.66921595
Cancer	129	-6.51E-16	9	0	18.26	-0.748239	64.00993351	-7.50E-08	-0.037470726	-0.002573782	0	17.7819361	0.2979922	0.05347273	0.00628971	16.56059629
Cancer	70	0.074110554	9	0	0	3.75304	19.45607692	-1.98E-08	-0.009367681	0.000722727	0	18.38578568	0.12801778	0.05743047	0.00650327	15.65383129
Cancer	132	-6.51E-16	9	0	0	11.839	11.90709717	-8.65E-08	-0.018735363	-0.135964239	0.06362217	24.16902388	0.18576047	0.04929785	0.0085486	16.70077249
Cancer	100	0.19994943	5	0.7	22.667	1.41652	-0.02045484	-1.42E-07	0.009367681	-0.000275698	0.00156128	18.79136239	0.20382287	0.093112	0.00664671	15.29538509
Cancer	154	0.322433653	5	1.19	27.141	3.59724	0.757568194	-6.50E-08	-0.004683841	-0.010397926	0.120999219	5.49098509	0.99659302	0.08085915	0.00194284	14.00676843
Cancer	296	0.511165719	1	2.07	66.047	0.0450012	-1.842988955	-8.12E-08	-0.00234192	-2.83E-17	0	2.97144903	1.46988589	0.19719126	0.00105177	11.91467603
Cancer	171	0.023907449	9	0.101	1.0896	0.955641	-198.4732782	-1.84E-07	0.004683841	-0.001151114	0.112802498	26.41551161	0.15514721	0.05517555	0.0093431	16.48747245
Cancer	65	0.074110554	9	0	0.0016416	6.0967	1.005936882	-8.19E-08	-0.009367681	1.74E-05	-0.1245121	10.37922966	0.31252992	0.07003295	0.00367164	14.78620777
Cancer	121	0.150405623	8	0.601	0	0.603992	2.331295287	-8.34E-08	-0.00234192	0.000233326	0.061202186	12.48965662	0.10819168	0.06696524	0.00441802	16.51109835
Cancer	112	0.037259537	8	0.101	9.628	2.88256	-0.180880012	-9.53E-08	-0.025761124	1.48E-05	0.076502732	6.67158207	0.73002747	0.0812029	0.00236038	14.0653914
Cancer	124	-6.51E-16	9	0	2.6895	0.495383	-48.43479528	-2.45E-07	-0.049180328	-0.00420267	-0.016939891	17.01552406	0.20618513	0.05349732	0.00601866	15.89514725
Cancer	52	0.253829807	8	0.917	23.322	1.25617	-0.127857554	-9.99E-08	-0.007025761	-1.63E-06	-0.043715847	5.5788322	0.46431205	0.0883188	0.00197391	13.62613683
Cancer	66	0.23527703	7	0.684	19.462	2.2083	0.209717379	-5.56E-08	-0.014051522	1.75E-06	0	14.34717737	0.27607329	0.07234767	0.00507496	15.37362269
Cancer	166	0.023907449	9	0.101	1.8037	2.56986	31.07953228	-1.28E-07	-0.016393443	-0.001686979	0.008977361	12.19562006	0.46534104	0.05527078	0.00431403	16.49025565
Cancer	119	0.068758854	8	0.334	3.5516	4.9031	3.533352762	-4.56E-08	-0.009367681	-0.000132038	-0.013583138	9.149662	0.38349545	0.06372148	0.00323679	14.85780455
Cancer	79	0.431496203	4	1.85	57.299	0.167091	-0.141024826	-7.34E-08	-0.004683841	1.80E-06	0	4.06533785	0.78032216	0.15316822	0.00143864	11.66769912
Cancer	24	0.06664633	9	0	7.8426	11.8248	1.299963646	-1.43E-07	0.014051522	-1.41E-05	-0.367681499	9.14776079	0.63249227	0.05894569	0.00323611	15.79950073
Cancer	341	0.025239895	9	0.101	0.43368	3.76703	5.125614148	-1.63E-07	0.00234192	7.29E-06	0.121389539	4.0116067	1.56513158	0.073916	0.00141964	13.98853037
Cancer	196	0.465754582	4	1.66	16.488	-0.367058	0.492134286	-2.28E-08	0	0.016001452	-0.028883685	5.91348808	0.43391758	0.07848278	0.00209227	14.04841315
Cancer	273	0.103642882	8	0.373	0	5.28434	-279.8396951	-2.45E-07	0.00234192	-0.000450646	0	13.994645	0.39071814	0.05648127	0.00495028	16.03434113
Cancer	47	0.082920758	9	0.105	13.522	-1.69464	-8.41809906	-1.51E-07	0.009367681	-6.82E-05	0.302888368	5.71917145	0.93239739	0.06798966	0.00202355	14.00591838
Cancer	341	0.025239895	9	0.101	0.43368	1.64235	5.125614148	-1.63E-07	0.00234192	7.29E-06	0.121389539	4.0116067	1.56513158	0.073916	0.00141964	13.98853037
Cancer	126	0.029503926	9	0.101	37.04	-0.524343	10.44902944	-5.41E-08	-0.007025761	-0.002585841	-0.102654176	10.78173355	0.52928252	0.06989956	0.00381399	16.08963106
Cancer	112	0.037259537	8	0.101	9.628	5.93727	-0.180880012	-9.53E-08	-0.025761124	1.48E-05	0.076502732	6.67158207	0.73002747	0.0812029	0.00236038	14.0653914
Cancer	259	0.386079214	6	1.49	4.7088	6.70662	3.879370128	-1.42E-07	-0.016393443	-3.73E-05	0.00039032	2.54035699	2.40701363	0.07232865	0.00089931	13.18026858
Cancer	123	-6.51E-16	9	0	0	9.72184	27.77140841	-3.00E-08	0.014051522	-0.000349556	0.040593286	18.26289917	0.1071553	0.0541485	0.00645981	16.53858248
Cancer	178	0.106793324	7	0.483	3.3525	4.77847	23.40654138	-1.27E-07	0	-0.005378086	0.041295863	16.61752774	0.23475225	0.05762156	0.0058779	16.04256799
Cancer	317	0.546944278	3	2.03	0.28579	4.24232	-0.608620153	-5.99E-08	0	0.005457677	0.017330211	6.80554714	0.25452733	0.06691315	0.00240776	14.46067612
Cancer	11	0.261224919	8	0.695	59.656	3.52183	3.759390839	5.44E-08	0.004683841	-1.46E-07	0	3.77820867	1.63337367	0.09449835	0.0013371	13.77695146
Cancer	24	0.06664633	9	0	7.8426	12.6796	1.299963646	-1.43E-07	0.014051522	-1.41E-05	-0.367681499	9.14776079	0.63249227	0.05894569	0.00323611	15.79950073
Cancer	295	0.457426908	1	1.98	88.234	0.32152	3.638595441	-7.09E-08	0	-4.02E-17	0	2.10625183	2.06229724	0.30776881	0.00074579	10.36041996
Cancer	318	0.312986802	6	1.11	4.9155	1.72419	15.53855061	-6.56E-08	-0.00234192	0.004317499	-0.005152225	10.23901948	0.248339	0.05955045	0.00362205	15.60251463
Cancer	245	0.460358895	4	1.71	77.448	0.25813	-0.532371104	-5.70E-09	0	0.000459713	-0.280249805	3.58132016	0.99203241	0.12919133	0.00126746	11.81918076
Cancer	92	-6.49E-16	9	0	28.246	-0.985732	1.847039687	-5.98E-08	0.004683841	-7.32E-06	0	10.77913091	0.46734185	0.07923749	0.00381307	14.77396816
Cancer	251	0.024520325	7	0.101	9.6977	3.09112	2.608745388	-5.88E-09	0.007025761	0.009963194	0	15.98957786	0.24845615	0.0653802	0.00565582	14.57909351
Cancer	182	0.215532627	6	1.03	31.829	2.04831	43.64427297	-1.12E-07	-0.004683841	-0.000187568	0.016861827	6.27470011	0.76914656	0.07608723	0.00222002	14.20080491
Cancer	339	0.361663375	5	1.3	66.897	1.36666	-0.441920701	-1.58E-07	-0.011709602	1.02E-06	0.354410617	2.71564845	2.24375759	0.08364455	0.00096131	12.00816342
Cancer	108	0.237429703	7	0.858	0.033058	9.24005	0.867814434	-8.04E-08	-0.004683841	5.65E-05	0.204918033	11.85257593	0.40580781	0.06446515	0.00419271	15.14826157
Cancer	232	0.61557377	4	2.11	51.289	-0.256237	1.237547312	-1.32E-08	0.00234192	1.71E-05	0	3.4045111	1.55328326	0.09294453	0.00120493	13.07284504
Cancer	96	-6.50E-16	9	0	1.6642	3.83429	29.13657029	-1.52E-07	0.009367681	-0.000728622	0	31.26775423	0.05088469	0.05685429	0.01105916	15.9762716
Cancer	66	0.23527703	7	0.684	19.462	2.25584	0.209717379	-5.56E-08	-0.014051522	1.75E-06	0	14.34717737	0.27607329	0.07234767	0.00507496	15.37362269
Cancer	15	0.071903061	9	0	15.824	0.958947	-1.017120785	-2.28E-07	0.009367681	-1.97E-12	0	6.35860272	0.94232708	0.07133454	0.00224969	14.97505558
Cancer	35	0.082920758	9	0.105	0	4.88026	39.8795109	-3.28E-08	0	-0.001201265	0.104605777	16.44879216	0.24474481	0.05375488	0.00581823	16.37430124
Cancer	137	0.207389766	6	0.865	0	2.33558	23.67784871	-8.30E-08	-0.004683841	-0.107242082	0.057767369	19.63157148	0.21752706	0.0528424	0.00694386	16.47324275
Cancer	55	0.258385406	7	0.932	54.563	1.01034	0.328145752	-5.00E-08	-0.007025761	6.12E-08	-0.143637783	3.92146936	0.31306991	0.10515004	0.00138776	13.12064981
Cancer	6	0.185937044	9	0.598	12.415	-0.484584	0.352943698	-1.13E-07	0.018735363	-8.20E-07	0.117096019	4.02937292	1.4735683	0.08604456	0.00142592	13.10045139
Cancer	230	0.679695315	1	2.33	26.842	4.35729	3.568739166	-6.48E-08	0.004683841	4.84E-07	0	2.66842871	2.22429935	0.08500672	0.00094461	13.2309658
Cancer	167	-6.52E-16	9	0	41.893	-0.655291	38.4886004	-1.76E-07	-0.007025761	-0.002306998	0	7.96897002	0.71611413	0.06586131	0.00281922	15.3538788
Cancer	192	0.526520967	4	1.97	44.015	-0.123965	22.66157676	-1.41E-08	-0.004683841	0.017321918	-0.121779859	9.49341848	0.50049195	0.08395755	0.00335836	13.1812373
Cancer	145	0.350847376	5	1.17	17.947	3.81058	-1.462628986	-4.57E-08	0	-0.001019519	0.00078064	4.64591321	1.08618298	0.07524389	0.00164397	13.33001512
Cancer	215	0.301768718	5	1.03	2.7912	5.86067	-8.233385059	-1.62E-07	-0.004683841	-2.17E-05	0.00234192	4.49180658	1.26210717	0.06944227	0.00158947	14.6610845
Cancer	156	0.20257829	7	0.735	0.43606	10.2171	-4.142716385	-1.19E-07	-0.016393443	-0.044927931	0.050039032	6.50547875	0.87516427	0.06261501	0.00230163	14.70765975
Cancer	97	0.647849872	5	2.07	54.383	-0.211643	47.12010316	-7.99E-08	0.004683841	-4.34E-05	0	25.76320542	0.11885784	0.06671582	0.0091124	15.64762912
Cancer	74	0.080087759	8	0.205	19.227	2.09368	-0.132506154	-7.55E-08	0	-6.58E-06	0.00078064	5.62795062	0.73198247	0.10706375	0.00199128	13.21979398
Cancer	248	0.303665873	3	1.06	67.825	0.594819	0.750584248	-5.97E-08	0.009367681	0.005273758	0	6.26266013	0.64574296	0.0846376	0.00221576	13.57274722
Cancer	330	0.032605983	9	0.101	39.003	0.528413	-4.012398217	-7.19E-08	0.00234192	4.27E-08	0	3.43457434	1.7005241	0.0734244	0.00121557	13.8824123
Cancer	92	-6.49E-16	9	0	28.246	0.221608	1.847039687	-5.98E-08	0.004683841	-7.32E-06	0	10.77913091	0.46734185	0.07923749	0.00381307	14.77396816
Cancer	34	0.086810842	9	0.107	0	6.48927	-20.02076137	-2.11E-07	-0.014051522	0.000660178	0.051912568	17.19935577	0.20709728	0.05365002	0.00608368	16.50187445
Cancer	201	0.459497779	4	1.73	19.3	-0.25942	1.415092098	-2.72E-08	0.009367681	0.0001214	0	4.52036945	1.38122729	0.08090001	0.00159957	13.65016098
Cancer	39	0.189514521	9	0.548	0.038419	2.58155	19.15327346	-1.25E-07	-0.00234192	-0.000112567	0.010148322	5.58133609	0.71340867	0.07572279	0.0019748	14.26935603
Cancer	325	0.124785653	7	0.579	0	5.99879	-40.48286987	-1.73E-07	0.011709602	5.22E-05	0.00117096	8.24663167	0.7204819	0.05926841	0.00291742	15.35455041
Cancer	234	0.343208051	4	1.32	54.008	0.577085	0.095581893	-6.01E-08	0.004683841	5.84E-05	0	3.11673334	1.90874604	0.10277476	0.00110316	12.38483158
Cancer	272	0.135269791	6	0.579	18.7	-1.62746	5.092265562	-1.44E-07	0.014051522	-9.14E-05	0	8.23001473	0.72523809	0.0651974	0.00291154	15.42536023
Cancer	46	0.14028531	8	0.344	32.885	1.08342	-9.043513387	-1.31E-07	-0.009367681	-1.51E-05	0.048790008	3.81924808	1.44116069	0.0943557	0.00135161	12.33605186
Cancer	35	0.082920758	9	0.105	0	3.05727	39.8795109	-3.28E-08	0	-0.001201265	0.104605777	16.44879216	0.24474481	0.05375488	0.00581823	16.37430124
Cancer	57	0.198916902	7	0.485	0	4.52995	8.56717575	-9.84E-08	-0.00234192	3.85E-07	-0.094457455	5.50727501	0.22525531	0.08618118	0.00194861	14.70218863
Cancer	10	0.100711554	9	0.11	1.878	3.98096	-1.758277438	-1.43E-07	0.016393443	-1.56E-06	0.007806401	5.12709756	1.1976923	0.06962074	0.00181415	14.53284777
Cancer	204	0.139747324	6	0.473	0.033563	4.7406	-2.190013922	-2.46E-07	-0.023419204	1.03E-05	0.00312256	2.86306389	2.27118949	0.06811063	0.00101344	15.04760764
Cancer	270	0.311151458	5	1.23	0.34866	6.02367	6.085916323	-7.57E-08	-0.004683841	-5.95E-06	0.0019516	3.72443943	1.68306293	0.06478447	0.00131808	14.98187302
Cancer	60	0.3427537	7	1.06	45.836	1.45324	0.003484884	-8.39E-08	-0.00234192	4.01E-07	-0.18501171	4.75388029	0.42028267	0.1194429	0.00168216	12.99889928
Cancer	341	0.025239895	9	0.101	0.43368	0.407042	5.125614148	-1.63E-07	0.00234192	7.29E-06	0.121389539	4.0116067	1.56513158	0.073916	0.00141964	13.98853037
Cancer	272	0.135269791	6	0.579	18.7	-1.6504	5.092265562	-1.44E-07	0.014051522	-9.14E-05	0	8.23001473	0.72523809	0.0651974	0.00291154	15.42536023
Cancer	6	0.185937044	9	0.598	12.415	0.854889	0.352943698	-1.13E-07	0.018735363	-8.20E-07	0.117096019	4.02937292	1.4735683	0.08604456	0.00142592	13.10045139
Cancer	226	0.502858469	4	1.79	51.44	0.923857	4.401676492	-1.22E-07	0	3.88E-06	-0.014051522	3.52486598	1.48386545	0.09517233	0.0012475	12.90039103
Cancer	195	0.371424744	6	1.44	0	6.4934	4.349110388	-6.07E-08	0	0.055102411	-0.029664325	7.43703944	0.34330767	0.06406073	0.00263109	15.36596983
Cancer	291	0.526556641	4	1.79	87.403	0.225216	-1.608864685	-6.71E-08	0	-1.44E-17	0	1.12679621	2.79007939	0.31267386	0.00039939	8.63104705
Cancer	67	0.177442809	7	0.601	0	1.32966	-7.203215985	-1.10E-07	-0.007025761	0.000919786	0	14.66029124	0.15715558	0.07222523	0.0051857	16.23701588
Cancer	121	0.150405623	8	0.601	0	1.49985	2.331295287	-8.34E-08	-0.00234192	0.000233326	0.061202186	12.48965662	0.10819168	0.06696524	0.00441802	16.51109835
Cancer	139	0.071869457	9	0.377	0.93237	1.85015	4.818810058	-9.84E-08	0.009367681	-0.016304851	0.028493365	9.07258746	0.54632062	0.06013301	0.00320953	15.66675222
Cancer	156	0.20257829	7	0.735	0.43606	2.78087	-4.142716385	-1.19E-07	-0.016393443	-0.044927931	0.050039032	6.50547875	0.87516427	0.06261501	0.00230163	14.70765975
Cancer	99	0.191890348	5	0.641	61.979	0.256083	0	-1.74E-07	-0.00234192	-3.40E-05	0.004683841	14.68957077	0.28357294	0.08576792	0.00519605	14.74485721
Cancer	38	0.075216293	9	0.105	0	11.9905	-0.149897787	-1.36E-07	-0.016393443	-1.53E-05	0.009367681	8.01991942	0.40323461	0.0668536	0.00283724	15.64452684
Cancer	166	0.023907449	9	0.101	1.8037	3.90231	31.07953228	-1.28E-07	-0.016393443	-0.001686979	0.008977361	12.19562006	0.46534104	0.05527078	0.00431403	16.49025565
Cancer	152	0.120129202	8	0.402	1.698	3.37679	3.196975989	-1.38E-07	-0.018735363	-0.003217381	-0.021311475	8.89602267	0.60643569	0.05437597	0.00314708	14.96112206
Cancer	90	0.101087313	9	0.345	6.2555	3.54946	26.51307099	-1.60E-07	0.00234192	-0.000802616	0.012334114	15.70390743	0.23077721	0.07202381	0.00555479	14.91702399
Cancer	7	0.499203116	5	1.69	48.263	0.442233	0.06525408	-1.18E-07	0.00234192	-2.03E-06	0.352068696	3.58436658	1.70246862	0.08591149	0.00126854	12.98773555
Cancer	146	0.560464338	1	2.25	85.224	0.410917	0.008948417	-6.01E-08	0.004683841	-0.000363611	0	4.05480037	1.21618392	0.08838783	0.00143492	12.89528463
Cancer	189	0.410696847	4	1.71	54.066	0.149576	72.77679136	-5.96E-08	0	3.92E-05	0	7.97273549	0.65588289	0.11194742	0.00282055	13.09672152
Cancer	136	0.078766157	7	0.274	0	17.7518	10.37698103	-9.97E-08	-0.00234192	-0.176849186	0.056986729	16.95444875	0.2811845	0.04748973	0.00599706	16.66921595
Cancer	72	0.387623153	8	1.29	35.024	-0.0339515	1.223405425	-1.04E-07	0.00234192	-0.00055206	0.017954723	7.76378734	0.51383883	0.09413639	0.00274665	13.15267453
Cancer	111	0.083337849	8	0.274	11.825	2.47455	2.059915494	-6.71E-08	-0.011709602	4.16E-05	0.138953942	7.17692555	0.7239436	0.08718528	0.0025391	13.79253156
Cancer	108	0.237429703	7	0.858	0.033058	3.63944	0.867814434	-8.04E-08	-0.004683841	5.65E-05	0.204918033	11.85257593	0.40580781	0.06446515	0.00419271	15.14826157
Cancer	3	0.307507209	7	1.12	49.002	-0.702032	0.006858481	-9.12E-08	0.00234192	-9.78E-08	0.346604215	3.2397748	1.80480692	0.1175164	0.00114667	12.51249961
Cancer	70	0.074110554	9	0	0	5.53692	19.45607692	-1.98E-08	-0.009367681	0.000722727	0	18.38578568	0.12801778	0.05743047	0.00650327	15.65383129
Cancer	93	-6.49E-16	9	0	38.063	-1.20578	-0.710762385	-1.46E-07	0	-7.33E-07	0	11.58760099	0.4636614	0.07315398	0.004099	15.5155946
Cancer	70	0.074110554	9	0	0	2.17981	19.45607692	-1.98E-08	-0.009367681	0.000722727	0	18.38578568	0.12801778	0.05743047	0.00650327	15.65383129
Cancer	34	0.086810842	9	0.107	0	1.52103	-20.02076137	-2.11E-07	-0.014051522	0.000660178	0.051912568	17.19935577	0.20709728	0.05365002	0.00608368	16.50187445
Cancer	225	0.563275229	4	1.91	23.367	3.15981	0.519093158	-1.15E-07	0.004683841	2.71E-05	0	4.230858	1.15100084	0.10128238	0.00149718	13.13276891
Cancer	70	0.074110554	9	0	0	7.18862	19.45607692	-1.98E-08	-0.009367681	0.000722727	0	18.38578568	0.12801778	0.05743047	0.00650327	15.65383129
Cancer	45	0.321951483	5	1.03	41.918	-0.349152	6.897563474	-1.18E-07	0	-1.09E-05	-0.12490242	3.37834596	1.4872926	0.10483832	0.00119568	11.74133478
Cancer	107	0.14920952	7	0.532	22.894	2.71544	-0.353161488	-6.66E-08	0.007025761	2.79E-06	0.077283372	8.61390042	0.58028848	0.10110698	0.00304731	13.58723423
Cancer	252	-6.56E-16	9	0	6.9288	4.69408	70.5648705	-2.94E-08	0.011709602	0.000504283	0.00078064	18.95555503	0.1572027	0.06139936	0.00670478	15.20491114
Cancer	152	0.120129202	8	0.402	1.698	2.23755	3.196975989	-1.38E-07	-0.018735363	-0.003217381	-0.021311475	8.89602267	0.60643569	0.05437597	0.00314708	14.96112206
Cancer	268	0.282449802	5	1.12	40.307	-0.593205	2.808895762	-2.08E-07	-0.009367681	-2.69E-06	0.00039032	2.36972357	2.51608296	0.10437443	0.00083897	12.51741407
Cancer	46	0.14028531	8	0.344	32.885	0.543637	-9.043513387	-1.31E-07	-0.009367681	-1.51E-05	0.048790008	3.81924808	1.44116069	0.0943557	0.00135161	12.33605186
Cancer	81	0.029344186	9	0.101	0	5.02134	2.918145144	-7.43E-08	0.00234192	1.56E-06	-0.06010929	6.361983	0.37775501	0.08040798	0.00225089	13.30086827
Cancer	159	-6.52E-16	9	0	0	3.43829	3.746059037	-1.36E-07	-0.004683841	-0.002142659	0.044496487	7.64763239	0.73991605	0.05338633	0.00270557	14.99966115
Cancer	113	0.450321743	5	1.69	62.317	1.20615	0.481949746	-1.62E-08	0.007025761	6.06E-07	0.032006245	4.10243188	1.17952763	0.11807403	0.00145176	12.4046929
Cancer	91	0.278433684	7	1.05	40.944	0.070448	0.839471013	-9.07E-08	0	-6.90E-05	0	11.27018423	0.39877158	0.08849355	0.00398674	14.69264858
Cancer	185	0.502414508	3	2.14	93.775	1.68532	-0.555897401	-1.09E-07	-0.011709602	-6.07E-06	-0.086651054	3.99620782	1.19077276	0.14214537	0.0014142	11.95064002
Cancer	230	0.679695315	1	2.33	26.842	2.37921	3.568739166	-6.48E-08	0.004683841	4.84E-07	0	2.66842871	2.22429935	0.08500672	0.00094461	13.2309658
Cancer	264	0.399875217	6	1.29	62.505	-0.0248752	0.071835321	-1.37E-07	0.00234192	-1.53E-09	0	1.15278812	4.49500291	0.208785	0.00040858	9.85111307
Cancer	11	0.261224919	8	0.695	59.656	-1.37107	3.759390839	5.44E-08	0.004683841	-1.46E-07	0	3.77820867	1.63337367	0.09449835	0.0013371	13.77695146
Cancer	174	0.023907449	9	0.101	0.11824	4.01675	-66.16498228	-2.36E-07	-0.009367681	-0.006923212	0.007583361	31.19890975	0.0521485	0.04992757	0.01103482	16.54754791
Cancer	47	0.082920758	9	0.105	13.522	-0.710493	-8.41809906	-1.51E-07	0.009367681	-6.82E-05	0.302888368	5.71917145	0.93239739	0.06798966	0.00202355	14.00591838
Cancer	125	-6.51E-16	9	0	18.222	-0.291934	0.096651171	-1.40E-07	0.004683841	-0.000672984	-0.380952381	10.45291589	0.46752636	0.06545357	0.0036977	15.57048526
Cancer	153	0.570553876	4	2.08	51.423	-0.223917	0.257315591	-8.06E-08	-0.00234192	-0.001967653	-0.005074161	5.40910935	1.01945421	0.08033343	0.00191389	13.85953923
Cancer	123	-6.51E-16	9	0	0	3.89804	27.77140841	-3.00E-08	0.014051522	-0.000349556	0.040593286	18.26289917	0.1071553	0.0541485	0.00645981	16.53858248
Cancer	151	0.08559137	9	0.274	0	5.59432	4.63385756	-1.92E-08	-0.009367681	-0.001805616	0.015791235	7.56539602	0.69643443	0.06188252	0.00267649	14.94987794
Cancer	27	0.114319141	9	0.113	27.425	2.54064	-0.110577681	-1.70E-07	-0.011709602	-0.000166194	0	8.26957138	0.51835374	0.07651719	0.00292553	14.95944765
Cancer	255	0.230399031	6	0.953	0	-0.434729	-1.805733376	-1.86E-07	0	5.82E-05	0.010928962	9.6326317	0.54612238	0.07734434	0.0034076	15.9673828
Cancer	48	0.054551072	9	0	1.091	-0.120377	-28.24016008	-2.15E-07	-0.018735363	-0.000677058	0.004800937	7.4735383	0.63135506	0.0718257	0.002644	15.08852148
Cancer	348	0.581152659	5	1.9	19.287	-0.593285	6.774820101	-5.43E-08	0.00234192	0.006528309	0	6.96159653	0.2849369	0.07340662	0.00246295	13.99696727
Cancer	118	0.258439666	9	0.723	10.9	5.40305	7.286545133	-3.15E-08	-0.011709602	8.10E-05	-0.036690086	6.58817419	0.65126088	0.08654183	0.00233088	13.39361372
Cancer	63	0.390255577	4	1.53	63.265	-0.0971457	3.212894262	2.49E-08	0.007025761	1.90E-07	-0.371584699	6.57270026	0.57477012	0.09943237	0.00232541	12.30597168
Cancer	303	0.331924391	1	1.72	28.27	0.531827	-12.41405219	-1.47E-07	-0.011709602	0.000103888	0.014051522	7.78571655	0.47745834	0.0844693	0.00275441	14.35066582
Cancer	140	0.065415762	8	0.274	6.4044	4.0292	1.827704113	-7.06E-08	0.009367681	-0.007818222	0.026932084	7.90172576	0.62230514	0.0633778	0.00279544	14.73211798
Cancer	227	0.276143706	7	0.981	10.461	-0.634494	-3.033291695	-1.99E-07	0.004683841	5.52E-06	0.165495706	3.36269405	1.58411853	0.08613574	0.00119014	13.08666326
Cancer	71	0.050492775	9	0.103	0.55135	1.15528	5.535308693	-3.29E-08	0.00234192	-0.000496292	0.035909446	10.9021572	0.3253486	0.0692698	0.00385658	14.43410379
Cancer	96	-6.50E-16	9	0	1.6642	5.9042	29.13657029	-1.52E-07	0.009367681	-0.000728622	0	31.26775423	0.05088469	0.05685429	0.01105916	15.9762716
Cancer	160	0.039361198	9	0.173	1.1267	1.17396	0.207886627	-1.64E-07	-0.00234192	-0.000652575	0	5.28822837	1.11053386	0.07328219	0.00187114	14.20544853
Cancer	152	0.120129202	8	0.402	1.698	2.20213	3.196975989	-1.38E-07	-0.018735363	-0.003217381	-0.021311475	8.89602267	0.60643569	0.05437597	0.00314708	14.96112206
Cancer	138	0.037259537	7	0.101	5.1558	3.38845	4.559694139	-7.93E-08	-0.009367681	-0.041831608	0.035128806	13.95352506	0.33029472	0.05731058	0.00493574	16.30796249
Cancer	122	0.172435248	8	0.685	0	0.492675	0.813182255	-1.40E-07	-0.00234192	-0.00021007	0	15.31685659	0.06049182	0.05182664	0.0054179	16.63121104
Cancer	128	-6.51E-16	9	0	31.292	-0.774843	1.007861856	-1.67E-08	0.004683841	-0.000175701	0	14.2863725	0.39379909	0.05589081	0.00505346	16.4127645
Cancer	304	0.291085774	1	2.11	18.342	2.96416	15.43737073	-3.90E-08	-0.007025761	0.000334298	0.002107728	6.9410037	0.3540315	0.0711616	0.00245566	13.71669502
Cancer	331	0.062612391	9	0.173	11.351	5.30684	0.309996884	-4.27E-09	0.007025761	-2.30E-10	0	2.7069205	2.20825226	0.09075597	0.00095822	12.9947375
Cancer	165	0.023907449	9	0.101	4.0351	9.02478	1.770899087	-1.17E-07	-0.009367681	-0.000608326	0	8.47628173	0.68876902	0.05363907	0.00299864	16.02515205
Cancer	167	-6.52E-16	9	0	41.893	0.159277	38.4886004	-1.76E-07	-0.007025761	-0.002306998	0	7.96897002	0.71611413	0.06586131	0.00281922	15.3538788
Cancer	48	0.054551072	9	0	1.091	33.2535	-28.24016008	-2.15E-07	-0.018735363	-0.000677058	0.004800937	7.4735383	0.63135506	0.0718257	0.002644	15.08852148
Cancer	265	0.567482066	4	1.91	108.3	-0.170897	-1.316504843	-1.78E-07	0	-1.27E-08	0	1.30065135	3.99147201	0.18639629	0.00046087	9.32501719
Cancer	162	0.103444147	7	0.538	36.777	1.69007	0.148052305	-3.39E-08	0.00234192	-6.81E-06	0	3.29980334	1.78456862	0.10061448	0.0011679	12.0302439
Cancer	275	0.29302016	7	1.01	0	2.88442	-66.01268438	-1.72E-07	0	6.67E-05	0.000468384	21.21245679	0.07738806	0.06042084	0.00750297	16.53271098
Cancer	148	0.197636557	8	0.836	2.7093	0.675725	5.999321623	-7.58E-08	-0.007025761	-4.01E-05	0	8.29064182	0.59827731	0.06285423	0.00293298	15.05130474
Cancer	345	0.328858916	5	1.18	0	4.338	1.158957907	-6.01E-08	0	0.008700808	0	10.88842621	0.30762998	0.06827608	0.00385173	15.70625013
Cancer	167	-6.52E-16	9	0	41.893	-0.188078	38.4886004	-1.76E-07	-0.007025761	-0.002306998	0	7.96897002	0.71611413	0.06586131	0.00281922	15.3538788
Cancer	138	0.037259537	7	0.101	5.1558	2.48812	4.559694139	-7.93E-08	-0.009367681	-0.041831608	0.035128806	13.95352506	0.33029472	0.05731058	0.00493574	16.30796249
Cancer	14	0.343374647	8	1.05	45.649	2.20903	3.121749663	-1.64E-07	0.00234192	-1.46E-10	0	5.57114105	1.06669312	0.06935334	0.00197119	14.34714364
Cancer	185	0.502414508	3	2.14	93.775	1.41085	-0.555897401	-1.09E-07	-0.011709602	-6.07E-06	-0.086651054	3.99620782	1.19077276	0.14214537	0.0014142	11.95064002
Cancer	161	0.520076952	5	1.92	77.773	1.68305	-0.786726997	-1.40E-07	0	-6.20E-05	0	3.55607853	1.66751444	0.10061448	0.00125854	12.99527488
Cancer	97	0.647849872	5	2.07	54.383	-0.406901	47.12010316	-7.99E-08	0.004683841	-4.34E-05	0	25.76320542	0.11885784	0.06671582	0.0091124	15.64762912
Cancer	132	-6.51E-16	9	0	0	30.0631	11.90709717	-8.65E-08	-0.018735363	-0.135964239	0.06362217	24.16902388	0.18576047	0.04929785	0.0085486	16.70077249
Cancer	187	0.544211142	1	2.3	82.459	-0.139656	5.027554218	-1.29E-08	0.004683841	3.14E-08	0	5.77005769	0.85819584	0.15614009	0.00204154	12.63407815
Cancer	118	0.258439666	9	0.723	10.9	1.18761	7.286545133	-3.15E-08	-0.011709602	8.10E-05	-0.036690086	6.58817419	0.65126088	0.08654183	0.00233088	13.39361372
Cancer	16	0.177772529	7	0.624	13.161	2.90984	-12.03953995	-3.54E-07	-0.00234192	1.26E-10	0	6.67352099	0.80238411	0.09612208	0.00236106	14.91438896
Cancer	109	0.285309148	5	0.998	16.617	-1.14064	3.277005293	-9.28E-08	0.011709602	0.000224789	0.06440281	7.00368429	0.71189247	0.08517852	0.00247783	14.0483362
Cancer	134	0.037259537	9	0.101	0	6.10239	9.754289844	-1.16E-07	-0.016393443	-0.092039827	-0.057142857	37.16227102	0.04659485	0.05043258	0.01314384	16.78948647
Cancer	124	-6.51E-16	9	0	2.6895	8.30769	-48.43479528	-2.45E-07	-0.049180328	-0.00420267	-0.016939891	17.01552406	0.20618513	0.05349732	0.00601866	15.89514725
Cancer	245	0.460358895	4	1.71	77.448	2.89665	-0.532371104	-5.70E-09	0	0.000459713	-0.280249805	3.58132016	0.99203241	0.12919133	0.00126746	11.81918076
Cancer	5	0.271554088	7	0.879	35.902	1.28331	3.043710109	-1.82E-07	-0.016393443	-2.31E-06	0.117096019	2.73575381	2.08055763	0.12641867	0.00096842	11.35896838
Cancer	161	0.520076952	5	1.92	77.773	0.430985	-0.786726997	-1.40E-07	0	-6.20E-05	0	3.55607853	1.66751444	0.10061448	0.00125854	12.99527488
Cancer	226	0.502858469	4	1.79	51.44	-0.0551352	4.401676492	-1.22E-07	0	3.88E-06	-0.014051522	3.52486598	1.48386545	0.09517233	0.0012475	12.90039103
Cancer	357	0.486733825	3	1.92	91.483	0.444514	0	-2.31E-08	0.00234192	-1.35E-14	0	1.56514451	2.42122598	0.35198033	0.00055442	7.45594161
Cancer	246	0.405225104	4	1.39	41.643	1.43047	1.314276913	-5.01E-08	0.016393443	0.000622464	-0.01381733	4.88958186	0.65545587	0.09109348	0.00173015	13.04130795
Cancer	284	0.639767656	3	2.16	93.665	-0.525672	1.841817995	-7.99E-09	0	4.29E-06	0	3.95309108	0.90923392	0.17118859	0.00139895	12.6028281
Cancer	275	0.29302016	7	1.01	0	-0.229849	-66.01268438	-1.72E-07	0	6.67E-05	0.000468384	21.21245679	0.07738806	0.06042084	0.00750297	16.53271098
Cancer	41	0.416500175	7	1.29	93.876	-1.32642	8.497387437	-9.32E-08	0	4.46E-08	0	2.81701042	1.39093691	0.15105516	0.00099716	10.80465241
Cancer	382	0.336539544	6	0.993	76.844	-0.366903	0	-9.76E-10	0	-2.06E-18	0	2.47321209	2.22659508	0.37993842	0.00087557	9.40540557
Cancer	263	0.443107736	4	1.41	105.17	-0.0870756	0.886140583	-1.11E-07	0	-2.75E-09	0	1.02115899	5.06297046	0.23690718	0.00036203	10.29167239
Cancer	357	0.486733825	3	1.92	91.483	0.384252	0	-2.31E-08	0.00234192	-1.35E-14	0	1.56514451	2.42122598	0.35198033	0.00055442	7.45594161
Cancer	204	0.139747324	6	0.473	0.033563	18.1431	-2.190013922	-2.46E-07	-0.023419204	1.03E-05	0.00312256	2.86306389	2.27118949	0.06811063	0.00101344	15.04760764
Cancer	96	-6.50E-16	9	0	1.6642	3.29028	29.13657029	-1.52E-07	0.009367681	-0.000728622	0	31.26775423	0.05088469	0.05685429	0.01105916	15.9762716
Cancer	33	0.152121647	9	0.424	0	6.03964	4.660313129	-9.40E-08	0.00234192	0.00031293	0.030679157	12.78889736	0.23212969	0.06421475	0.00452385	16.28945655
Cancer	252	-6.56E-16	9	0	6.9288	0.763332	70.5648705	-2.94E-08	0.011709602	0.000504283	0.00078064	18.95555503	0.1572027	0.06139936	0.00670478	15.20491114
Cancer	388	0.271339381	7	0.66	56.163	-0.125	0	-7.51E-10	0	-1.69E-17	0	2.02018308	2.83849836	0.22910185	0.00071535	10.83191516
Cancer	348	0.581152659	5	1.9	19.287	-0.63936	6.774820101	-5.43E-08	0.00234192	0.006528309	0	6.96159653	0.2849369	0.07340662	0.00246295	13.99696727
Cancer	121	0.150405623	8	0.601	0	2.90361	2.331295287	-8.34E-08	-0.00234192	0.000233326	0.061202186	12.48965662	0.10819168	0.06696524	0.00441802	16.51109835
Cancer	94	0.253590323	9	0.924	17.137	1.36303	1.13824801	-1.99E-07	0.00234192	-7.36E-08	0	18.20783889	0.26236012	0.06599884	0.00644034	15.80128284
Cancer	14	0.343374647	8	1.05	45.649	1.37221	3.121749663	-1.64E-07	0.00234192	-1.46E-10	0	5.57114105	1.06669312	0.06935334	0.00197119	14.34714364
Cancer	53	0.095021706	9	0.179	0	3.72214	5.921388179	-1.79E-07	-0.00234192	-3.12E-07	-0.096955504	6.70298948	0.28877117	0.07165123	0.00237149	15.53350555
Cancer	345	0.328858916	5	1.18	0	0.123273	1.158957907	-6.01E-08	0	0.008700808	0	10.88842621	0.30762998	0.06827608	0.00385173	15.70625013
Cancer	217	0.208827425	6	0.838	0	3.98897	2.45584418	-1.40E-07	0	-4.58E-05	0	6.69955008	0.72881859	0.06793474	0.00237027	14.73008915
Cancer	205	0.528482276	4	1.98	39.711	1.41794	4.413522082	-1.11E-07	0.011709602	2.85E-06	0.00078064	2.11367842	3.02707479	0.08835715	0.00074841	13.69066753
Cancer	28	0.104706587	8	0.108	4.148	1.79032	9.870423877	-3.66E-08	-0.014051522	-0.000371001	0	8.57099116	0.55038905	0.0740503	0.00303213	15.14344457
Cancer	204	0.139747324	6	0.473	0.033563	7.98296	-2.190013922	-2.46E-07	-0.023419204	1.03E-05	0.00312256	2.86306389	2.27118949	0.06811063	0.00101344	15.04760764
Cancer	27	0.114319141	9	0.113	27.425	3.77068	-0.110577681	-1.70E-07	-0.011709602	-0.000166194	0	8.26957138	0.51835374	0.07651719	0.00292553	14.95944765
Cancer	256	0.270615433	6	0.96	12.267	-0.605477	-13.39984194	-1.92E-07	-0.004683841	-0.000121775	0	6.49751744	0.88499226	0.07341477	0.00229882	15.11638507
Cancer	109	0.285309148	5	0.998	16.617	-0.187235	3.277005293	-9.28E-08	0.011709602	0.000224789	0.06440281	7.00368429	0.71189247	0.08517852	0.00247783	14.0483362
Cancer	160	0.039361198	9	0.173	1.1267	1.23871	0.207886627	-1.64E-07	-0.00234192	-0.000652575	0	5.28822837	1.11053386	0.07328219	0.00187114	14.20544853
Cancer	101	0.107850037	8	0.386	0	0.111572	-1.477993781	-1.30E-07	-0.004683841	-0.001880452	0	23.53116649	0.13996657	0.06391763	0.00832301	15.89437333
Cancer	244	0.500311775	3	1.86	88.905	1.49898	0.025527399	8.97E-08	0.009367681	6.52E-05	0	3.30890077	1.19575685	0.14140063	0.00117112	12.23519968
Cancer	168	0.023907449	9	0.101	13.55	-0.563223	55.07985162	-1.23E-07	0.004683841	-7.35E-06	0	10.33973535	0.53191801	0.05470574	0.00365767	15.53248725
Cancer	86	0.247854876	6	1.03	14.783	2.03059	2.248204249	-1.08E-08	-0.00234192	-3.85E-05	0	11.41425594	0.37036939	0.08394191	0.00403769	14.33421399
Cancer	55	0.258385406	7	0.932	54.563	0.0550631	0.328145752	-5.00E-08	-0.007025761	6.12E-08	-0.143637783	3.92146936	0.31306991	0.10515004	0.00138776	13.12064981
Cancer	61	0.074110554	9	0	16.31	1.21728	-7.406577465	-1.84E-07	-0.007025761	1.74E-07	-0.045667447	5.79974837	0.40148745	0.09447322	0.00205204	13.52340942
Cancer	304	0.291085774	1	2.11	18.342	1.4337	15.43737073	-3.90E-08	-0.007025761	0.000334298	0.002107728	6.9410037	0.3540315	0.0711616	0.00245566	13.71669502
Cancer	14	0.343374647	8	1.05	45.649	2.75612	3.121749663	-1.64E-07	0.00234192	-1.46E-10	0	5.57114105	1.06669312	0.06935334	0.00197119	14.34714364
Cancer	54	0.43573745	5	1.5	18.999	0.356824	1.997550233	-3.93E-08	0	-3.13E-07	-0.147540984	4.73626283	0.26784393	0.0942408	0.00167593	14.36901841
Cancer	62	0.402129175	4	1.24	69.737	1.19686	0.371330099	-1.08E-07	0.009367681	1.74E-06	0.00078064	5.22900862	0.4432322	0.1060218	0.00185019	12.75816687
Cancer	137	0.207389766	6	0.865	0	0.853204	23.67784871	-8.30E-08	-0.004683841	-0.107242082	0.057767369	19.63157148	0.21752706	0.0528424	0.00694386	16.47324275
Cancer	141	0.187653498	7	0.729	27.978	0.809149	23.00139029	-7.34E-08	-0.00234192	-0.007530521	0.016159251	7.68822051	0.64690074	0.06535292	0.00271993	14.57012928
Cancer	98	0.37242658	6	1.38	2.7148	6.0623	6.856587526	-1.73E-07	0.004683841	-5.96E-06	0.00156128	28.25400481	0.09454345	0.07051988	0.00999331	15.8153109
Cancer	135	0.105464836	8	0.451	0.0688	5.13272	9.189758726	-1.32E-07	-0.004683841	-0.096147431	-0.057377049	23.46515434	0.16250316	0.05143859	0.00829966	16.71056061
Cancer	10	0.100711554	9	0.11	1.878	0.984452	-1.758277438	-1.43E-07	0.016393443	-1.56E-06	0.007806401	5.12709756	1.1976923	0.06962074	0.00181415	14.53284777
Cancer	82	0.508569489	5	1.81	53.213	1.67861	0	-6.52E-08	0	5.83E-07	-0.360655738	5.667328	0.59262267	0.10544065	0.00200521	12.32434626
Cancer	154	0.322433653	5	1.19	27.141	2.75038	0.757568194	-6.50E-08	-0.004683841	-0.010397926	0.120999219	5.49098509	0.99659302	0.08085915	0.00194284	14.00676843
Cancer	335	0.229300448	8	0.817	77.509	4.60834	-4.105013564	-6.75E-08	0.00234192	7.42E-09	0	1.86071111	3.2909063	0.11410613	0.00065895	11.84541651
Cancer	49	0.475624916	7	1.57	31.531	-1.05371	4.169719145	-1.37E-07	-0.009367681	-8.30E-05	0.0529274	5.64623991	0.6917344	0.07667952	0.00199775	13.98893759
Cancer	204	0.139747324	6	0.473	0.033563	9.74901	-2.190013922	-2.46E-07	-0.023419204	1.03E-05	0.00312256	2.86306389	2.27118949	0.06811063	0.00101344	15.04760764
Cancer	35	0.082920758	9	0.105	0	2.80102	39.8795109	-3.28E-08	0	-0.001201265	0.104605777	16.44879216	0.24474481	0.05375488	0.00581823	16.37430124
Cancer	173	0.023907449	9	0.101	11.482	1.74789	12.63454356	-1.76E-08	0.014051522	-0.001138264	0.009367681	23.47555542	0.1652575	0.05943438	0.00830334	16.48755609
Cancer	276	0.037259537	9	0.101	0.085979	8.36438	1.673453423	-9.71E-08	-0.004683841	0.000347388	0.011709602	20.18641363	0.06386541	0.06275597	0.00714009	16.24029262
Cancer	124	-6.51E-16	9	0	2.6895	21.9704	-48.43479528	-2.45E-07	-0.049180328	-0.00420267	-0.016939891	17.01552406	0.20618513	0.05349732	0.00601866	15.89514725
Cancer	201	0.459497779	4	1.73	19.3	0.359742	1.415092098	-2.72E-08	0.009367681	0.0001214	0	4.52036945	1.38122729	0.08090001	0.00159957	13.65016098
Cancer	287	0.651462296	1	2.58	73.482	-0.690724	1.839866395	-5.71E-09	0	5.53E-14	0	3.27932634	1.35952841	0.20489006	0.00116066	12.15816273
Cancer	326	-6.59E-16	9	0	2.7834	2.63222	70.09022191	4.36E-09	0.021077283	3.77E-06	0.029117877	7.831053	0.74720092	0.05947238	0.00277044	15.23020927
Cancer	335	0.229300448	8	0.817	77.509	1.56351	-4.105013564	-6.75E-08	0.00234192	7.42E-09	0	1.86071111	3.2909063	0.11410613	0.00065895	11.84541651
Cancer	73	0.091815224	9	0.176	46.341	1.17847	1.931867457	-7.78E-08	0.00234192	-6.74E-05	0	5.48903527	0.78386642	0.11496745	0.00194215	12.60848528
Cancer	162	0.103444147	7	0.538	36.777	1.76213	0.148052305	-3.39E-08	0.00234192	-6.81E-06	0	3.29980334	1.78456862	0.10061448	0.0011679	12.0302439
Cancer	233	0.403053018	5	1.44	47.206	0.30919	0.096276295	-5.42E-08	0	4.24E-05	0	3.36764525	1.6177728	0.12235609	0.0011919	12.44780751
Cancer	200	0.353660468	6	1.4	0	4.46925	-3.323116518	-8.28E-08	0	0.00065301	0.00234192	5.54809825	1.14699844	0.06923622	0.00196304	15.00782639
Cancer	142	0.49940369	6	1.64	54.294	1.11818	-1.922793806	-9.76E-08	0	-0.000773386	0.00312256	5.49103448	0.92233341	0.09211417	0.00194286	14.31781727
Cancer	62	0.402129175	4	1.24	69.737	1.15555	0.371330099	-1.08E-07	0.009367681	1.74E-06	0.00078064	5.22900862	0.4432322	0.1060218	0.00185019	12.75816687
Cancer	175	0.034305576	9	0.173	0	2.1991	22.23518292	-1.16E-07	-0.007025761	-0.018627328	0.008508977	23.56093219	0.16156535	0.04734942	0.00833354	16.38777479
Cancer	286	0.634036139	1	2.48	64.183	-1.11963	1.842988955	-6.30E-09	0	5.52E-13	0	4.79628364	0.92894565	0.19178061	0.00169715	13.18236981
Cancer	299	0.45529903	1	2.04	57.687	0.911499	0.23005802	-9.67E-08	0.00234192	9.20E-09	0	5.38201345	0.82740784	0.14727021	0.00190431	13.28404409
Cancer	209	0.251259046	4	0.908	62.417	1.83738	-0.352632744	-5.95E-08	0.007025761	2.62E-07	-0.37392662	1.63054675	3.85100539	0.12608869	0.00057755	11.9284568
Cancer	27	0.114319141	9	0.113	27.425	2.65257	-0.110577681	-1.70E-07	-0.011709602	-0.000166194	0	8.26957138	0.51835374	0.07651719	0.00292553	14.95944765
Cancer	15	0.071903061	9	0	15.824	1.54775	-1.017120785	-2.28E-07	0.009367681	-1.97E-12	0	6.35860272	0.94232708	0.07133454	0.00224969	14.97505558
Cancer	225	0.563275229	4	1.91	23.367	2.10876	0.519093158	-1.15E-07	0.004683841	2.71E-05	0	4.230858	1.15100084	0.10128238	0.00149718	13.13276891
Cancer	144	0.543594159	4	1.85	56.122	0.299803	0.663096527	3.83E-08	0.014051522	-0.000109858	0	4.46978027	1.12060766	0.10610485	0.00158168	13.43929702
Cancer	279	0.037960209	9	0.173	5.0367	4.76115	-0.556566618	-9.31E-08	-0.004683841	0.001040156	0.044496487	13.91153601	0.16559126	0.06731844	0.00492089	15.95987217
Cancer	79	0.431496203	4	1.85	57.299	-0.325237	-0.141024826	-7.34E-08	-0.004683841	1.80E-06	0	4.06533785	0.78032216	0.15316822	0.00143864	11.66769912
Cancer	330	0.032605983	9	0.101	39.003	-0.294998	-4.012398217	-7.19E-08	0.00234192	4.27E-08	0	3.43457434	1.7005241	0.0734244	0.00121557	13.8824123
Cancer	325	0.124785653	7	0.579	0	2.57074	-40.48286987	-1.73E-07	0.011709602	5.22E-05	0.00117096	8.24663167	0.7204819	0.05926841	0.00291742	15.35455041
Cancer	150	0.232992958	6	1.12	44.874	0.825148	0.25789856	-1.08E-07	0	-0.000182495	0.009367681	4.93407661	1.07179767	0.08605483	0.00174589	13.70755716
Cancer	31	0.334345267	8	1.02	31.999	0.414967	0.271802534	-1.36E-07	0.007025761	4.00E-05	0.353629977	7.39713171	0.53370264	0.08891105	0.00261698	14.50491148
Cancer	67	0.177442809	7	0.601	0	0.118933	-7.203215985	-1.10E-07	-0.007025761	0.000919786	0	14.66029124	0.15715558	0.07222523	0.0051857	16.23701588
Cancer	123	-6.51E-16	9	0	0	1.97191	27.77140841	-3.00E-08	0.014051522	-0.000349556	0.040593286	18.26289917	0.1071553	0.0541485	0.00645981	16.53858248
Cancer	129	-6.51E-16	9	0	18.26	0.406794	64.00993351	-7.50E-08	-0.037470726	-0.002573782	0	17.7819361	0.2979922	0.05347273	0.00628971	16.56059629
Cancer	326	-6.59E-16	9	0	2.7834	2.1443	70.09022191	4.36E-09	0.021077283	3.77E-06	0.029117877	7.831053	0.74720092	0.05947238	0.00277044	15.23020927
Cancer	154	0.322433653	5	1.19	27.141	3.20385	0.757568194	-6.50E-08	-0.004683841	-0.010397926	0.120999219	5.49098509	0.99659302	0.08085915	0.00194284	14.00676843
Cancer	268	0.282449802	5	1.12	40.307	-0.98631	2.808895762	-2.08E-07	-0.009367681	-2.69E-06	0.00039032	2.36972357	2.51608296	0.10437443	0.00083897	12.51741407
Cancer	291	0.526556641	4	1.79	87.403	0.295819	-1.608864685	-6.71E-08	0	-1.44E-17	0	1.12679621	2.79007939	0.31267386	0.00039939	8.63104705
Cancer	156	0.20257829	7	0.735	0.43606	3.09565	-4.142716385	-1.19E-07	-0.016393443	-0.044927931	0.050039032	6.50547875	0.87516427	0.06261501	0.00230163	14.70765975
Cancer	181	0.190596477	6	0.67	8.6177	5.37757	25.07715819	-1.23E-07	-0.023419204	-0.000286765	0.067525371	8.4852093	0.53816861	0.08774923	0.00300179	15.16082033
Cancer	10	0.100711554	9	0.11	1.878	4.42615	-1.758277438	-1.43E-07	0.016393443	-1.56E-06	0.007806401	5.12709756	1.1976923	0.06962074	0.00181415	14.53284777
Cancer	246	0.405225104	4	1.39	41.643	1.964	1.314276913	-5.01E-08	0.016393443	0.000622464	-0.01381733	4.88958186	0.65545587	0.09109348	0.00173015	13.04130795
Cancer	120	0.160540277	8	0.645	0	0.660126	-1.753657199	-1.22E-07	0	1.28E-05	0.05058548	13.9109793	0.21564	0.06494902	0.00492069	16.02590245
Cancer	282	0.615496245	3	2.23	26.508	-0.743037	1.840833466	-1.07E-08	0	0.000386948	0	6.50804075	0.45027847	0.07857903	0.00230254	14.0101664
Cancer	310	0.445158256	3	1.81	108.75	0.223966	0.035240507	-1.20E-08	0	2.55E-06	0	1.28315725	0.56410677	0.22068373	0.00045469	9.67649812
Cancer	28	0.104706587	8	0.108	4.148	4.23262	9.870423877	-3.66E-08	-0.014051522	-0.000371001	0	8.57099116	0.55038905	0.0740503	0.00303213	15.14344457
Cancer	32	0.230737547	7	0.708	2.984	4.47474	-1.32916423	-1.74E-07	-0.004683841	0.000199986	0.117876659	11.10671987	0.33165915	0.07267275	0.00392893	16.1259823
Cancer	73	0.091815224	9	0.176	46.341	1.10603	1.931867457	-7.78E-08	0.00234192	-6.74E-05	0	5.48903527	0.78386642	0.11496745	0.00194215	12.60848528
Cancer	78	0.499797919	3	2.03	35.701	0.0347991	0.668321866	-9.24E-08	0.00234192	2.29E-07	0	5.19407327	0.62733185	0.11892312	0.00183784	13.07277691
Cancer	81	0.029344186	9	0.101	0	1.98429	2.918145144	-7.43E-08	0.00234192	1.56E-06	-0.06010929	6.361983	0.37775501	0.08040798	0.00225089	13.30086827
Cancer	215	0.301768718	5	1.03	2.7912	1.10355	-8.233385059	-1.62E-07	-0.004683841	-2.17E-05	0.00234192	4.49180658	1.26210717	0.06944227	0.00158947	14.6610845
Cancer	162	0.103444147	7	0.538	36.777	1.68164	0.148052305	-3.39E-08	0.00234192	-6.81E-06	0	3.29980334	1.78456862	0.10061448	0.0011679	12.0302439
Cancer	157	0.532797674	5	1.9	46.371	-0.530066	0.018942747	-1.07E-07	-0.004683841	-0.007959552	0.097580016	4.48692115	1.25452192	0.08349892	0.00158774	13.17259101
Cancer	67	0.177442809	7	0.601	0	5.57477	-7.203215985	-1.10E-07	-0.007025761	0.000919786	0	14.66029124	0.15715558	0.07222523	0.0051857	16.23701588
Cancer	176	0.579559818	4	2.15	20.238	0.344263	2.627326711	-1.41E-07	-0.004683841	-0.011025326	0.053473849	15.13586168	0.27926462	0.05781821	0.00535389	16.52849303
Cancer	181	0.190596477	6	0.67	8.6177	2.16557	25.07715819	-1.23E-07	-0.023419204	-0.000286765	0.067525371	8.4852093	0.53816861	0.08774923	0.00300179	15.16082033
Cancer	55	0.258385406	7	0.932	54.563	-0.232399	0.328145752	-5.00E-08	-0.007025761	6.12E-08	-0.143637783	3.92146936	0.31306991	0.10515004	0.00138776	13.12064981
Cancer	259	0.386079214	6	1.49	4.7088	2.62426	3.879370128	-1.42E-07	-0.016393443	-3.73E-05	0.00039032	2.54035699	2.40701363	0.07232865	0.00089931	13.18026858
Cancer	272	0.135269791	6	0.579	18.7	1.00607	5.092265562	-1.44E-07	0.014051522	-9.14E-05	0	8.23001473	0.72523809	0.0651974	0.00291154	15.42536023
Cancer	144	0.543594159	4	1.85	56.122	-0.0304279	0.663096527	3.83E-08	0.014051522	-0.000109858	0	4.46978027	1.12060766	0.10610485	0.00158168	13.43929702
Cancer	95	0.073618214	8	0.287	6.3139	14.1418	-17.89573428	-3.22E-07	-0.00234192	-7.49E-09	0	32.357699	0.07599702	0.05118175	0.01144464	16.31204213
Cancer	155	-6.52E-16	9	0	0	4.67702	16.01530038	-3.98E-08	-0.004683841	-0.057661831	0.032006245	8.59559028	0.63718519	0.05547262	0.00304083	15.58234446
Cancer	127	0.029503926	9	0.101	0	7.60785	44.66841609	-1.50E-07	-0.016393443	-0.000865164	0.054879001	17.53311864	0.29619705	0.05965754	0.00620172	16.35293052
Cancer	337	0.220212722	7	0.825	2.1162	5.19672	3.328882925	-1.30E-07	-0.014051522	3.43E-07	0.012880562	2.86434699	2.21813179	0.0692063	0.0010139	13.69756258
Cancer	90	0.101087313	9	0.345	6.2555	4.59197	26.51307099	-1.60E-07	0.00234192	-0.000802616	0.012334114	15.70390743	0.23077721	0.07202381	0.00555479	14.91702399
Cancer	262	0.405293806	4	1.3	81.822	-0.168264	1.391267565	-1.27E-07	0.00234192	-2.58E-08	0	1.30787062	4.41859932	0.15268758	0.00046343	10.98117413
Cancer	209	0.251259046	4	0.908	62.417	2.11052	-0.352632744	-5.95E-08	0.007025761	2.62E-07	-0.37392662	1.63054675	3.85100539	0.12608869	0.00057755	11.9284568
Cancer	201	0.459497779	4	1.73	19.3	0.120131	1.415092098	-2.72E-08	0.009367681	0.0001214	0	4.52036945	1.38122729	0.08090001	0.00159957	13.65016098
Cancer	271	0.075632892	9	0.287	0.60638	1.54345	15.19994077	-8.87E-08	0.00234192	-2.68E-05	0.00078064	5.43064804	1.14554496	0.07338026	0.00192151	15.3142649
Cancer	333	0.50419542	6	1.65	65.217	0.539172	0.187738611	6.21E-08	0	-5.48E-12	0	1.77810975	3.24761468	0.14297894	0.00062973	10.97122694
Cancer	177	-6.52E-16	9	0	5.6832	5.44544	7.11970886	-1.11E-07	-0.00234192	-0.005385635	0.068696331	18.74151066	0.16648242	0.06471834	0.00662908	16.47641114
Cancer	105	-6.50E-16	7	0	0	17.1811	7.411477289	-9.81E-08	-0.007025761	-0.001510291	0.00234192	13.08340768	0.35828312	0.06766939	0.00462801	15.70575449
Cancer	271	0.075632892	9	0.287	0.60638	4.83973	15.19994077	-8.87E-08	0.00234192	-2.68E-05	0.00078064	5.43064804	1.14554496	0.07338026	0.00192151	15.3142649
Cancer	235	0.535526923	4	1.81	41.123	1.64859	0.018321395	-6.00E-08	0	5.25E-05	0.085089774	2.90158137	1.94155969	0.16606901	0.00102707	11.88234938
Cancer	145	0.350847376	5	1.17	17.947	3.5505	-1.462628986	-4.57E-08	0	-0.001019519	0.00078064	4.64591321	1.08618298	0.07524389	0.00164397	13.33001512
Cancer	132	-6.51E-16	9	0	0	4.28892	11.90709717	-8.65E-08	-0.018735363	-0.135964239	0.06362217	24.16902388	0.18576047	0.04929785	0.0085486	16.70077249
Cancer	221	0.415137472	5	1.49	81.863	0.0191684	0	3.01E-09	0.00234192	3.84E-06	0.00078064	5.78113237	0.79316116	0.12823158	0.00204546	13.09013814
Cancer	17	0.501976187	5	1.77	53.509	1.78688	1.142519329	-2.69E-07	0.00234192	1.02E-09	0	4.89042685	1.11358893	0.11732166	0.00173045	13.63762584
Cancer	30	0.289116912	5	0.904	82.241	1.6896	0.823906859	-8.42E-08	-0.023419204	-0.000186072	0.008977361	5.54026605	0.74123264	0.11705479	0.00196027	13.08010139
Cancer	124	-6.51E-16	9	0	2.6895	19.6094	-48.43479528	-2.45E-07	-0.049180328	-0.00420267	-0.016939891	17.01552406	0.20618513	0.05349732	0.00601866	15.89514725
Cancer	258	0.301638581	4	1.13	7.3826	1.4186	-7.241347964	-1.64E-07	-0.009367681	-4.89E-05	0.000468384	3.31892467	1.81030147	0.07689546	0.00117466	14.15001655
Cancer	85	-6.49E-16	9	0	17.256	3.0021	5.969084422	-8.13E-08	-0.009367681	2.79E-05	0.036065574	9.98099247	0.3753462	0.08252815	0.0035308	14.68735653
Cancer	323	0.629505642	3	2.2	66.865	-0.918412	0.548421499	-7.87E-08	0.00234192	2.07E-06	0	5.47790965	1.07184948	0.07299023	0.00193822	14.1620222
Cancer	213	0.345313764	6	1.21	0.23733	10.088	0.882051083	-1.32E-07	-0.004683841	-9.48E-06	0	3.10856841	1.9818642	0.06733259	0.00110027	14.29809739
Cancer	275	0.29302016	7	1.01	0	4.21288	-66.01268438	-1.72E-07	0	6.67E-05	0.000468384	21.21245679	0.07738806	0.06042084	0.00750297	16.53271098
Cancer	258	0.301638581	4	1.13	7.3826	0.830626	-7.241347964	-1.64E-07	-0.009367681	-4.89E-05	0.000468384	3.31892467	1.81030147	0.07689546	0.00117466	14.15001655
Cancer	55	0.258385406	7	0.932	54.563	0.728445	0.328145752	-5.00E-08	-0.007025761	6.12E-08	-0.143637783	3.92146936	0.31306991	0.10515004	0.00138776	13.12064981
Cancer	161	0.520076952	5	1.92	77.773	1.09158	-0.786726997	-1.40E-07	0	-6.20E-05	0	3.55607853	1.66751444	0.10061448	0.00125854	12.99527488
Cancer	19	0.296091444	7	0.944	67.557	0.0723718	3.845574154	-1.08E-07	0	1.58E-08	0	3.40127114	0.89911546	0.19054519	0.00120379	10.90842272
Cancer	153	0.570553876	4	2.08	51.423	0.162081	0.257315591	-8.06E-08	-0.00234192	-0.001967653	-0.005074161	5.40910935	1.01945421	0.08033343	0.00191389	13.85953923
Cancer	89	0.170807556	6	0.676	47.193	2.25238	2.076971537	-9.80E-08	-0.00234192	3.32E-05	0.00078064	13.66252459	0.26630155	0.07405286	0.00483283	14.38255302
Cancer	62	0.402129175	4	1.24	69.737	-0.313759	0.371330099	-1.08E-07	0.009367681	1.74E-06	0.00078064	5.22900862	0.4432322	0.1060218	0.00185019	12.75816687
Cancer	315	0.625722192	2	2.24	10.18	2.1592	1.344331898	-1.67E-08	0	0.001883829	0	4.19952196	0.25693359	0.07771842	0.0014861	14.22543322
Cancer	169	0.060931027	9	0.202	8.8308	3.22436	75.20942901	-6.61E-08	0.021077283	-5.54E-05	0	12.05158938	0.45108685	0.05796502	0.0042631	15.81533517
Cancer	354	0.477193393	1	1.79	87.168	0.293127	0	-3.15E-08	0	-1.34E-11	0	2.51185283	1.6601833	0.30043889	0.00088923	8.80934127
Cancer	181	0.190596477	6	0.67	8.6177	2.01081	25.07715819	-1.23E-07	-0.023419204	-0.000286765	0.067525371	8.4852093	0.53816861	0.08774923	0.00300179	15.16082033
Cancer	217	0.208827425	6	0.838	0	2.41991	2.45584418	-1.40E-07	0	-4.58E-05	0	6.69955008	0.72881859	0.06793474	0.00237027	14.73008915
Cancer	338	0.205143189	8	0.698	24.551	-0.691422	2.776487778	-7.54E-08	0.011709602	5.31E-08	0.00039032	2.59405008	2.41936269	0.08102838	0.0009183	12.91508853
Cancer	255	0.230399031	6	0.953	0	5.4882	-1.805733376	-1.86E-07	0	5.82E-05	0.010928962	9.6326317	0.54612238	0.07734434	0.0034076	15.9673828
Cancer	369	0.431061171	3	1.67	94.545	-0.128602	0	-1.80E-09	0	-1.66E-17	0	1.24803528	2.09494485	0.67208489	0.00044227	7.90703018
Cancer	130	-6.51E-16	9	0	1.2578	2.52384	-28.46823399	-1.55E-07	-0.016393443	-0.005339848	0.121779859	30.13823571	0.11482808	0.04782672	0.01065969	16.64545769
Cancer	250	0.4687507	4	1.61	30.564	0.659736	59.77063555	-1.22E-08	0	0.041739195	-0.023028884	10.98052122	0.39065002	0.07719721	0.0038843	13.7255531
Cancer	388	0.271339381	7	0.66	56.163	-0.684876	0	-7.51E-10	0	-1.69E-17	0	2.02018308	2.83849836	0.22910185	0.00071535	10.83191516
Cancer	169	0.060931027	9	0.202	8.8308	5.53703	75.20942901	-6.61E-08	0.021077283	-5.54E-05	0	12.05158938	0.45108685	0.05796502	0.0042631	15.81533517
Cancer	5	0.271554088	7	0.879	35.902	0.351474	3.043710109	-1.82E-07	-0.016393443	-2.31E-06	0.117096019	2.73575381	2.08055763	0.12641867	0.00096842	11.35896838
Cancer	256	0.270615433	6	0.96	12.267	-0.139396	-13.39984194	-1.92E-07	-0.004683841	-0.000121775	0	6.49751744	0.88499226	0.07341477	0.00229882	15.11638507
Cancer	39	0.189514521	9	0.548	0.038419	5.1361	19.15327346	-1.25E-07	-0.00234192	-0.000112567	0.010148322	5.58133609	0.71340867	0.07572279	0.0019748	14.26935603
Cancer	123	-6.51E-16	9	0	0	1.94373	27.77140841	-3.00E-08	0.014051522	-0.000349556	0.040593286	18.26289917	0.1071553	0.0541485	0.00645981	16.53858248
Cancer	188	0.082615006	5	0.274	22.063	3.51525	72.69562531	-6.40E-08	-0.00234192	6.30E-09	0	9.00787792	0.54175247	0.08959789	0.00318664	13.7328321
Cancer	53	0.095021706	9	0.179	0	2.06677	5.921388179	-1.79E-07	-0.00234192	-3.12E-07	-0.096955504	6.70298948	0.28877117	0.07165123	0.00237149	15.53350555
Cancer	208	0.358332534	5	1.36	110.92	1.92708	0.180295119	-5.88E-08	0.007025761	2.92E-08	0	1.33753792	4.50311688	0.2115313	0.00047392	10.93436598
Cancer	34	0.086810842	9	0.107	0	0.0375895	-20.02076137	-2.11E-07	-0.014051522	0.000660178	0.051912568	17.19935577	0.20709728	0.05365002	0.00608368	16.50187445
Cancer	69	0.074110554	9	0	1.5038	-0.804757	5.927370545	-6.58E-08	-0.009367681	0.001834323	0.00234192	14.29621275	0.16179241	0.06457001	0.00505694	15.83481246
Cancer	167	-6.52E-16	9	0	41.893	-0.790611	38.4886004	-1.76E-07	-0.007025761	-0.002306998	0	7.96897002	0.71611413	0.06586131	0.00281922	15.3538788
Cancer	63	0.390255577	4	1.53	63.265	1.44803	3.212894262	2.49E-08	0.007025761	1.90E-07	-0.371584699	6.57270026	0.57477012	0.09943237	0.00232541	12.30597168
Cancer	213	0.345313764	6	1.21	0.23733	14.8737	0.882051083	-1.32E-07	-0.004683841	-9.48E-06	0	3.10856841	1.9818642	0.06733259	0.00110027	14.29809739
Cancer	394	0.218806183	4	0.69	89.142	-0.422055	0	-5.90E-10	0	-1.47E-17	0	0.15304084	3.79132305	0.62492302	5.50E-05	6.1131913
Cancer	66	0.23527703	7	0.684	19.462	1.98466	0.209717379	-5.56E-08	-0.014051522	1.75E-06	0	14.34717737	0.27607329	0.07234767	0.00507496	15.37362269
Cancer	151	0.08559137	9	0.274	0	2.18638	4.63385756	-1.92E-08	-0.009367681	-0.001805616	0.015791235	7.56539602	0.69643443	0.06188252	0.00267649	14.94987794
Cancer	10	0.100711554	9	0.11	1.878	2.11504	-1.758277438	-1.43E-07	0.016393443	-1.56E-06	0.007806401	5.12709756	1.1976923	0.06962074	0.00181415	14.53284777
Cancer	69	0.074110554	9	0	1.5038	1.43337	5.927370545	-6.58E-08	-0.009367681	0.001834323	0.00234192	14.29621275	0.16179241	0.06457001	0.00505694	15.83481246
Cancer	164	0.090770924	9	0.274	33.779	0.301024	-0.198362817	-9.89E-08	0	-6.09E-05	0	5.26232461	1.12824731	0.07299399	0.00186198	14.54981534
Cancer	8	0.443709192	5	1.55	67.68	0.639999	1.103211373	-1.18E-07	0.00234192	-3.71E-07	0.120999219	2.98610809	2.01590126	0.12786578	0.00105696	12.67023993
Cancer	21	0.156408875	8	0.444	9.4686	3.62315	3.841513072	-1.75E-07	-0.004683841	2.63E-10	0.325136612	5.81849877	0.74791201	0.10475293	0.00205867	13.31530077
Cancer	86	0.247854876	6	1.03	14.783	0.858579	2.248204249	-1.08E-08	-0.00234192	-3.85E-05	0	11.41425594	0.37036939	0.08394191	0.00403769	14.33421399
Cancer	205	0.528482276	4	1.98	39.711	1.02023	4.413522082	-1.11E-07	0.011709602	2.85E-06	0.00078064	2.11367842	3.02707479	0.08835715	0.00074841	13.69066753
Control	29	0.469624282	7	1.61	27.513	-0.500372	-0.006673723	2.30E-08	0	-0.00028549	0	6.64739809	0.68622874	0.09816768	0.00235183	14.71930668
Control	29	0.469624282	7	1.61	27.513	0.238654	-0.006673723	2.30E-08	0	-0.00028549	0	6.64739809	0.68622874	0.09816768	0.00235183	14.71930668
Control	40	0.291090347	6	1.05	35.129	-0.21945	0.026546607	2.01E-07	0	-4.87E-08	0	3.92571679	0.96354312	0.09416905	0.00138927	12.52097532
Control	45	0.321951483	5	1.03	41.918	-0.386354	-0.080341199	1.79E-07	0	-1.06E-05	-0.106060606	3.37834596	1.4872926	0.10483832	0.00119568	11.74133478
Control	77	0.118200695	8	0.339	53.097	0.868213	-0.003870224	3.79E-07	0	-8.35E-09	0	4.09379806	0.82944069	0.12716948	0.00144871	12.34347465
Control	97	0.647849872	5	2.07	54.383	0.262598	834.9800035	1.94E-06	0.090909091	-5.77E-05	0	25.76320542	0.11885784	0.06671582	0.0091124	15.64762912
Control	139	0.071869457	9	0.377	0.93237	2.40158	0.126191229	1.85E-08	0	-0.014038316	0.022727273	9.07258746	0.54632062	0.06013301	0.00320953	15.66675222
Control	198	0.414510112	6	1.46	0	1.7645	-12.7114497	9.97E-08	0	0.00252209	0	8.23168744	0.58778876	0.0698391	0.00291213	15.60825296
Control	229	0.542973679	2	2.01	43.672	1.29624	16.86125196	7.52E-07	0.090909091	2.22E-06	0	2.42443957	2.37836208	0.09940887	0.00085832	12.87514393
Control	248	0.303665873	3	1.06	67.825	1.04956	2.690508177	4.97E-07	0.045454545	0.004394837	0	6.26266013	0.64574296	0.0846376	0.00221576	13.57274722
Control	265	0.567482066	4	1.91	108.3	0.258929	-0.186959163	7.10E-08	0	-1.27E-08	0	1.30065135	3.99147201	0.18639629	0.00046087	9.32501719
Control	302	0.347038282	1	2	75.451	0.11621	-0.501829314	8.44E-08	0	1.52E-05	0.03030303	4.98761422	0.78128718	0.12115246	0.00176482	12.03075474
Control	319	0.353209884	5	1.39	19.142	-1.97425	-23.18680139	8.47E-09	0	0.003854318	-0.007575758	9.65818686	0.47024413	0.07719451	0.00341663	14.64334019
Control	324	0.31584809	7	1.24	24.361	1.28922	4.606289346	2.52E-07	0.045454545	-1.00E-06	0	9.03536034	0.63503913	0.06232523	0.00319636	15.52933841
Control	56	0.114625319	8	0.182	0.20913	4.55927	-0.017011728	1.82E-07	0	-1.50E-07	-0.151515152	5.2640669	0.29737546	0.09096478	0.00186259	14.38671766
Control	149	0.48137153	4	1.79	35.694	0.504039	0.301658591	2.56E-08	0.045454545	-2.44E-05	0	6.23120511	0.84899189	0.08411882	0.00220463	14.25284145
Control	131	-6.51E-16	9	0	0	0.846836	-266.0784512	5.26E-08	0.045454545	-0.016900337	0.027272727	30.43148945	0.08945699	0.05261172	0.01076341	16.78697914
Control	128	-6.51E-16	9	0	31.292	0.809882	0.299615985	1.18E-07	0.045454545	-0.000155303	0	14.2863725	0.39379909	0.05589081	0.00505346	16.4127645
Control	3	0.307507209	7	1.12	49.002	-1.40191	0	1.35E-07	-0.045454545	-9.51E-08	0.272727273	3.2397748	1.80480692	0.1175164	0.00114667	12.51249961
Control	79	0.431496203	4	1.85	57.299	0.718995	-0.037140232	3.90E-07	0	-2.25E-08	0	4.06533785	0.78032216	0.15316822	0.00143864	11.66769912
Control	123	-6.51E-16	9	0	0	1.24495	277.2804369	1.31E-06	0.136363636	-0.000554981	0.031818182	18.26289917	0.1071553	0.0541485	0.00645981	16.53858248
Control	171	0.023907449	9	0.101	1.0896	0.987074	-313.2629876	1.15E-07	0.227272727	-0.000991025	0.095454545	26.41551161	0.15514721	0.05517555	0.0093431	16.48747245
