POSITION	Betweenness	Closeness	Degree	Eigenvector	Clustering_coefficient	Disease
1	0	-9.66E-08	-0.007334963	-4.10E-17	0	Cancer
2	7.980250637	-1.36E-07	0.002444988	-1.58E-08	0	Cancer
3	0.007160321	-9.56E-08	0.002444988	-9.65E-08	0.342298289	Cancer
4	1.956782373	-9.58E-08	0	-7.64E-07	0.120619397	Cancer
5	3.312034505	-1.91E-07	-0.017114914	-2.28E-06	0.115729421	Cancer
6	0.368476672	-1.18E-07	0.019559902	-8.10E-07	0.115729421	Cancer
7	0.068125897	-1.24E-07	0.002444988	-2.01E-06	0.34800326	Cancer
8	1.156612689	-1.24E-07	0.002444988	-3.67E-07	0.119804401	Cancer
9	-3.100562514	-1.92E-07	-0.002444988	-3.25E-07	0.008964955	Cancer
10	-1.001908908	-1.50E-07	0.017114914	-1.55E-06	0.008149959	Cancer
11	3.922913877	3.53769025597354e-08	0.004889976	-1.44E-07	0	Cancer
12	5.857167573	-1.01E-07	0	-1.45E-08	0	Cancer
13	4.02374659	-1.54E-07	0	-1.45E-09	0	Cancer
14	2.38716745	-2.07E-07	0.002444988	-1.44E-10	0	Cancer
15	-2.10307657	-2.80E-07	0.002444988	-1.21E-12	0	Cancer
16	-8.82230944	-3.69E-07	-0.002444988	1.3137208121885e-10	0	Cancer
17	1.194623199	-2.81E-07	0.002444988	1.06445045435311e-09	0	Cancer
18	3.094378701	-2.01E-07	0	1.64892266899307e-07	0	Cancer
19	4.014817026	-1.13E-07	0	1.65259424327254e-08	0	Cancer
20	3.95970523	-1.58E-07	0	1.66698744249522e-09	0	Cancer
21	4.014460343	-1.83E-07	-0.004889976	2.7496071625313e-10	0.322330888	Cancer
22	1.983062153	-1.48E-07	0	-3.45E-06	0.327628362	Cancer
23	13.24993347	-1.73E-07	-0.007334963	-1.73E-05	0.201303993	Cancer
24	1.910840894	-1.39E-07	0.019559902	-1.36E-05	-0.364303178	Cancer
25	-0.602163683	-1.94E-07	-0.004889976	-0.00011607	-0.060309698	Cancer
26	1.623935464	-1.78E-07	0.002444988	-2.51E-05	0.002444988	Cancer
27	-0.147911588	-1.81E-07	-0.012224939	-0.0001905	0	Cancer
28	9.547004542	-4.17E-08	-0.014669927	-0.000471347	0	Cancer
29	1.024249952	-3.57E-08	0.002444988	-0.000237753	0.000814996	Cancer
30	0.850727048	-9.09E-08	-0.024449878	-0.00019792	0.008964955	Cancer
31	0.283764503	-1.44E-07	0.007334963	2.5864286600732e-05	0.349633252	Cancer
32	-1.633239424	-1.84E-07	-0.004889976	0.000131904	0.116544417	Cancer
33	4.831337937	-1.00E-07	0.002444988	0.00018493	0.030317848	Cancer
34	-22.55056001	-2.23E-07	-0.014669927	0.000448572	0.050937245	Cancer
35	42.38397691	-3.50E-08	0.002444988	-0.001261004	0.102689487	Cancer
36	-10.12459919	-1.91E-07	-0.002444988	-0.002821136	0	Cancer
37	14.49125692	-1.58E-07	-0.017114914	-0.000293835	0	Cancer
38	-0.454197615	-1.43E-07	-0.017114914	-1.39E-05	0.009779951	Cancer
39	18.98381561	-1.31E-07	-0.002444988	-0.000110922	0.010594947	Cancer
40	8.816274118	-1.10E-07	0	8.68379303509896e-07	0	Cancer
41	8.844541798	-9.79E-08	0	4.68531282252785e-08	0	Cancer
42	8.109387361	-3.37E-08	0	4.83105436975389e-09	0	Cancer
43	3.674233863	-1.15E-07	0.007334963	-9.97E-06	-0.369193154	Cancer
44	-4.344869809	-2.21E-07	-0.009779951	-8.76E-05	-0.121434393	Cancer
45	7.089286122	-1.23E-07	0	-1.07E-05	-0.123879381	Cancer
46	-8.43311924	-1.37E-07	-0.009779951	-1.50E-05	0.04808476	Cancer
47	-7.806290339	-1.59E-07	0.009779951	-6.75E-05	0.299103504	Cancer
48	-26.93358314	-2.25E-07	-0.014669927	-0.000670757	0.004779369	Cancer
49	4.165015452	-1.43E-07	-0.009779951	-8.20E-05	0.052404238	Cancer
50	2.06482712	-1.49E-07	-0.014669927	-4.60E-05	0	Cancer
51	-0.020454921	-1.03E-07	-0.004889976	-1.17E-05	0.001629992	Cancer
52	-0.131347985	-1.05E-07	-0.007334963	-1.62E-06	-0.041564792	Cancer
53	6.298760169	-1.87E-07	-0.002444988	-2.97E-07	-0.095517522	Cancer
54	2.121416929	-4.18E-08	0	-3.01E-07	-0.145476773	Cancer
55	0.335882873	-5.31E-08	-0.007334963	7.16799357839788e-08	-0.141401793	Cancer
56	1.042875081	-4.79E-08	0	5.34295930444467e-07	-0.194376528	Cancer
57	8.619605713	-1.04E-07	-0.002444988	4.02060424965733e-07	-0.092909535	Cancer
58	-0.080350956	-9.64E-08	-0.007334963	4.04144815822247e-07	-0.042379788	Cancer
59	0.030547672	-8.77E-08	0.012224939	1.97589935707964e-06	-0.189486553	Cancer
60	0.003638253	-8.84E-08	-0.002444988	4.15642217291984e-07	-0.181744091	Cancer
61	-7.735275429	-1.93E-07	-0.007334963	1.81269430480947e-07	-0.044824776	Cancer
62	0.387410649	-1.14E-07	0.009779951	1.81117647964123e-06	0.000814996	Cancer
63	3.352720042	2.46953179605419e-08	0.007334963	1.98670652979854e-07	-0.368378158	Cancer
64	1.319618083	-4.99E-08	0.002444988	4.01106541209218e-08	-0.369193154	Cancer
65	0.629512368	-8.69E-08	-0.009779951	1.81731310236512e-05	-0.123471883	Cancer
66	0.196207091	-5.94E-08	-0.014669927	-3.22E-06	0	Cancer
67	-6.42382473	-1.16E-07	-0.007334963	0.00037509	0	Cancer
68	4.146152025	-1.02E-07	-0.002444988	0.00058328	0.001222494	Cancer
69	6.695856081	-7.00E-08	-0.009779951	0.000448795	0.002444988	Cancer
70	19.10918851	-5.11E-08	-0.009779951	-0.000124688	0	Cancer
71	5.852131052	-6.35E-08	0.002444988	-0.00077562	0.036674817	Cancer
72	1.267146288	-1.37E-07	0.002444988	-0.000547651	0.018337408	Cancer
73	2.016888519	-1.05E-07	0.002444988	-6.65E-05	0	Cancer
74	-0.170167756	-1.03E-07	0	-6.53E-06	0.000814996	Cancer
75	-0.43981025	-8.49E-08	0	-6.51E-07	0	Cancer
76	0.644677508	-6.70E-08	0	-6.24E-08	0	Cancer
77	1.106180518	-8.35E-08	0	1.7924615166057e-08	0	Cancer
78	0.613393476	-9.74E-08	0.002444988	2.39249048860624e-07	0	Cancer
79	-0.0809494	-7.31E-08	-0.002444988	1.88061961145058e-06	0	Cancer
80	0.050568477	-6.87E-08	0	7.28167160378438e-06	0	Cancer
81	3.162360934	-7.84E-08	0.004889976	1.46915308844999e-06	-0.059494703	Cancer
82	0	-6.88E-08	0	4.78599299706875e-07	-0.356968215	Cancer
83	1.141041922	-7.53E-08	0	3.12998450497041e-06	-0.062917685	Cancer
84	-0.855495571	-1.95E-07	-0.004889976	2.149650114033e-05	0.198859006	Cancer
85	5.938917421	-8.60E-08	-0.009779951	2.47619189208358e-05	0.036104319	Cancer
86	1.888934956	-3.75E-08	-0.002444988	-4.61E-05	0	Cancer
87	3.527299004	-3.83E-08	-0.004889976	-0.000117333	0	Cancer
88	3.544372319	-1.29E-07	0	-1.02E-05	0	Cancer
89	1.522312529	-1.31E-07	-0.002444988	3.42401016466961e-05	0.000814996	Cancer
90	22.15678492	-1.99E-07	0.004889976	-0.000799032	0.011817441	Cancer
91	0.303736093	-1.22E-07	0	-6.73E-05	0	Cancer
92	2.071501451	-7.21E-08	0.007334963	-7.17E-06	0	Cancer
93	-0.989341041	-1.69E-07	0	-7.19E-07	0	Cancer
94	0.79786994	-2.41E-07	0.002444988	-7.21E-08	0	Cancer
95	-25.12316767	-3.76E-07	-0.004889976	-7.27E-09	0	Cancer
96	24.41384599	-1.96E-07	0.009779951	-0.00071402	0	Cancer
97	49.18478233	-8.47E-08	0.004889976	-4.06E-05	0	Cancer
98	7.226351213	-1.82E-07	0.004889976	-5.45E-06	0.001629992	Cancer
99	0	-1.83E-07	-0.002444988	-3.30E-05	0.004889976	Cancer
100	-0.091274332	-1.50E-07	0.009779951	-0.000268213	0.001629992	Cancer
101	-1.507238758	-1.37E-07	-0.004889976	-0.001846351	0	Cancer
102	0.37033414	-7.81E-08	0	-0.001910667	0.08394458	Cancer
103	1.066224014	-8.49E-08	0.002444988	-0.012182892	0.217603912	Cancer
104	-2.399241945	-8.00E-08	0	-0.002949619	0.073349633	Cancer
105	8.158763133	-1.03E-07	-0.007334963	-0.001438439	0.002444988	Cancer
106	0.445138322	-6.96E-08	0.017114914	-0.000185655	0.205378973	Cancer
107	-0.329047422	-6.98E-08	0.007334963	5.26147758603591e-06	0.074164629	Cancer
108	1.001644151	-8.42E-08	-0.004889976	5.98232260039736e-05	0.19600652	Cancer
109	3.538124717	-9.71E-08	0.012224939	0.000234734	0.061532192	Cancer
110	0.270880221	-9.00E-08	-0.004889976	6.95413282555294e-06	0.14995925	Cancer
111	2.240739287	-7.03E-08	-0.012224939	4.35516247852553e-05	0.132844336	Cancer
112	-0.08727509	-1.01E-07	-0.026894866	1.53752375959961e-05	0.073349633	Cancer
113	0.503160248	-1.78E-08	0.007334963	-1.24E-08	0.038304808	Cancer
114	-0.51748912	-8.28E-08	-0.007334963	-1.96E-05	-0.044824776	Cancer
115	-0.221546354	-7.12E-08	0	-1.92E-06	0	Cancer
116	0.299202749	-1.69E-08	0	5.21716332245366e-08	0	Cancer
117	0.520749103	-2.91E-08	0	2.20147523314099e-06	0	Cancer
118	7.535465663	-3.38E-08	-0.012224939	2.00367024715744e-05	-0.034311328	Cancer
119	3.493277044	-4.93E-08	-0.009779951	-0.000157731	-0.012795436	Cancer
120	-2.089796833	-1.29E-07	0	-1.64E-05	0.049551752	Cancer
121	2.403731161	-8.88E-08	-0.002444988	0.000160564	0.0599837	Cancer
122	3.004196439	-1.48E-07	-0.002444988	-0.00025185	0	Cancer
123	28.51929621	-3.29E-08	0.014669927	-0.000371907	0.039853301	Cancer
124	-46.19478485	-2.57E-07	-0.048899756	-0.004146188	-0.016404704	Cancer
125	0.100904768	-1.46E-07	0.004889976	-0.000661465	-0.378158109	Cancer
126	10.8663773	-5.64E-08	-0.007334963	-0.002525459	-0.102281989	Cancer
127	47.83607664	-1.24E-07	-0.014669927	-0.000858283	0.053137734	Cancer
128	0.880953201	-1.79E-08	0.004889976	-0.000173582	0	Cancer
129	68.6649681	-7.05E-08	-0.026894866	-0.002502379	0	Cancer
130	-15.79536372	-1.52E-07	-0.009779951	-0.00519165	0.126324368	Cancer
131	-63.93155367	-1.58E-07	-0.02200489	-0.019234903	0.023879381	Cancer
132	13.50365211	-9.02E-08	-0.007334963	-0.133971341	0.067237164	Cancer
133	-102.5758006	-1.58E-07	0	-0.217942086	-0.114588427	Cancer
134	10.10582711	-1.22E-07	-0.012224939	-0.090798669	-0.055012225	Cancer
135	10.86790265	-1.24E-07	0	-0.094282778	-0.055012225	Cancer
136	10.57771312	-1.07E-07	0	-0.173696121	0.055419723	Cancer
137	24.78249395	-8.93E-08	-0.002444988	-0.1052695	0.056234719	Cancer
138	4.809576944	-8.33E-08	-0.009779951	-0.041085707	0.03398533	Cancer
139	5.324330708	-9.11E-08	0.009779951	-0.016011754	0.027709861	Cancer
140	1.824153879	-7.51E-08	0.009779951	-0.007680117	0.026487368	Cancer
141	24.75690184	-7.80E-08	-0.002444988	-0.007408466	0.01605542	Cancer
142	-2.001156051	-1.02E-07	0	-0.000760718	0.002444988	Cancer
143	0.115059926	-4.86E-08	0.004889976	-8.64E-05	0	Cancer
144	0.68473588	4.39943185413479e-08	0.014669927	-0.000107924	0	Cancer
145	-1.541463125	-4.30E-08	0	-0.001001515	0.000814996	Cancer
146	0.008741132	-6.39E-08	0.004889976	-0.000356178	0	Cancer
147	0.019039522	-6.87E-08	0	-0.00018189	0	Cancer
148	5.820624021	-8.25E-08	-0.007334963	-3.91E-05	0	Cancer
149	0.566516791	-4.42E-08	0.002444988	-2.24E-05	0	Cancer
150	0.269248619	-1.15E-07	0	-0.000176639	0.007334963	Cancer
151	4.703927325	-2.28E-08	-0.007334963	-0.001758855	0.015671207	Cancer
152	3.488523173	-1.48E-07	-0.019559902	-0.003128581	-0.020863896	Cancer
153	0.265552157	-8.71E-08	-0.002444988	-0.00190713	-0.005297474	Cancer
154	0.772344056	-7.09E-08	-0.004889976	-0.010128142	0.120619397	Cancer
155	15.79502939	-4.53E-08	-0.007334963	-0.056180815	0.031703341	Cancer
156	-3.178223237	-1.28E-07	-0.017114914	-0.043809123	0.049796251	Cancer
157	0.019776413	-1.15E-07	-0.004889976	-0.007744555	0.096169519	Cancer
158	1.327228548	-1.34E-07	-0.004889976	-0.009496898	0.07000815	Cancer
159	3.988043738	-1.45E-07	-0.004889976	-0.002074914	0.044824776	Cancer
160	-0.015198374	-1.78E-07	-0.004889976	-0.000632533	0	Cancer
161	-1.043641775	-1.52E-07	0	-5.99E-05	0	Cancer
162	0.155209288	-3.58E-08	0.002444988	-6.60E-06	0	Cancer
163	0.129099093	-8.50E-08	0	-6.77E-06	0	Cancer
164	0.015198374	-1.02E-07	0	-6.18E-05	0	Cancer
165	0.461393653	-1.21E-07	-0.009779951	-0.000618023	0	Cancer
166	35.44986595	-1.37E-07	-0.012224939	-0.00173786	0.008801956	Cancer
167	39.75796602	-1.71E-07	-0.007334963	-0.00226154	0	Cancer
168	60.53453551	-1.33E-07	0.004889976	-7.05E-06	0	Cancer
169	78.51417127	-7.84E-08	0.019559902	-5.40E-05	0	Cancer
170	-261.3891232	-2.58E-07	0.002444988	-0.000537159	0.111246944	Cancer
171	-178.9543947	-1.95E-07	0.002444988	-0.001122864	0.11206194	Cancer
172	62.35308118	-3.47E-08	0.004889976	-0.003164532	0.040831296	Cancer
173	7.328884484	-9.39E-08	0.004889976	-0.001112541	0.008557457	Cancer
174	-56.69481597	-2.50E-07	-0.009779951	-0.006767195	0.007917103	Cancer
175	22.38400016	-1.24E-07	-0.007334963	-0.018206595	0.008883456	Cancer
176	1.898655383	-1.50E-07	-0.004889976	-0.010779996	0.055827221	Cancer
177	6.915971216	-1.18E-07	-0.002444988	-0.005264172	0.071719641	Cancer
178	25.53653864	-1.35E-07	0	-0.005256256	0.043113284	Cancer
179	14.74636135	-9.38E-08	-0.009779951	-0.001607169	0.034881826	Cancer
180	1.049925495	-1.06E-07	0	-0.000667056	0.052974735	Cancer
181	26.40201273	-1.29E-07	-0.024449878	-0.000280467	0.070497148	Cancer
182	46.77535598	-1.19E-07	-0.004889976	-0.000184031	0.017603912	Cancer
183	0.582725252	-7.07E-08	-0.004889976	-5.56E-05	0.032192339	Cancer
184	0.004711017	-4.94E-08	0	-7.12E-07	-0.354523227	Cancer
185	-0.555567861	-1.16E-07	-0.012224939	-5.96E-06	-0.08394458	Cancer
186	75.55929612	-8.32E-08	-0.004889976	-1.53E-06	-0.329258354	Cancer
187	5.248815772	-1.44E-08	0.004889976	3.28107110095027e-08	0	Cancer
188	77.281144	-6.78E-08	-0.002444988	6.57629876681979e-09	0	Cancer
189	77.35907374	-6.38E-08	0	4.09289374224007e-05	0	Cancer
190	77.76486868	-2.11E-08	0	0.000386567	0	Cancer
191	4.865296724	-6.05E-08	0.002444988	0.002813122	0	Cancer
192	19.60810704	-3.97E-08	-0.004889976	0.017592746	-0.120619397	Cancer
193	-17.20006242	-7.72E-08	0	0.293492431	0.145884271	Cancer
194	-2.798803512	-6.83E-08	0	0.061458745	-0.119804401	Cancer
195	4.620171361	-6.73E-08	0	0.057318677	-0.030969845	Cancer
196	0.684140303	-2.72E-08	0	0.016637247	-0.030154849	Cancer
197	4.402098301	-2.65E-08	0	0.008025967	-0.118989405	Cancer
198	-0.864495003	-8.61E-08	0	0.002973882	0	Cancer
199	0.298886791	-8.86E-08	0.002444988	0.001148074	-0.313365933	Cancer
200	-3.449458614	-9.02E-08	0	0.000649773	0.002444988	Cancer
201	1.47736999	-3.15E-08	0.009779951	0.00012066	0	Cancer
202	2.039174483	-2.46E-08	0.007334963	0.000426544	0.002444988	Cancer
203	1.120211301	-6.35E-08	0	7.69939104333375e-05	0.002444988	Cancer
204	-2.268066161	-2.60E-07	-0.024449878	1.00695151421975e-05	0.003259984	Cancer
205	4.626547069	-1.18E-07	0.012224939	2.7833458810556e-06	0.000814996	Cancer
206	0.267926031	-8.33E-08	-0.002444988	9.40908651500655e-07	-0.092909535	Cancer
207	-0.568584439	-9.64E-08	0.004889976	3.11824181653477e-07	-0.099429503	Cancer
208	0.188229868	-6.36E-08	0.007334963	2.84617512797818e-08	0	Cancer
209	-0.367965091	-6.44E-08	0.007334963	2.54782913906063e-07	-0.370823146	Cancer
210	-1.487675268	-1.06E-07	0.012224939	1.03725190749993e-05	-0.123471883	Cancer
211	-1.952490203	-1.30E-07	0	2.59121945295683e-06	-0.048981255	Cancer
212	0	-1.24E-07	0	-8.86E-07	0	Cancer
213	0.818148997	-1.41E-07	-0.004889976	-9.20E-06	0	Cancer
214	0.609941437	-1.40E-07	0	-1.02E-05	0	Cancer
215	-8.779367135	-1.73E-07	-0.004889976	-2.07E-05	0.002444988	Cancer
216	1.964253144	-1.67E-07	0.002444988	-7.25E-08	0	Cancer
217	2.69231739	-1.50E-07	0	-4.33E-05	0	Cancer
218	-0.308135263	-1.45E-07	0.002444988	-1.61E-05	0	Cancer
219	3.629566846	-1.16E-07	0	-3.23E-05	0	Cancer
220	-0.22864974	-7.88E-08	0.002444988	4.2187329033838e-06	0.000814996	Cancer
221	0	-3.52E-08	0.002444988	3.84731704379376e-06	0.000814996	Cancer
222	-0.383292538	-9.57E-08	0	3.46300260923777e-05	0.001222494	Cancer
223	0.10155721	-9.69E-08	0	9.74789100712075e-06	0	Cancer
224	0.10155721	-9.69E-08	0	1.73373270109919e-05	0	Cancer
225	0.542944858	-1.23E-07	0.004889976	2.68786780156751e-05	0	Cancer
226	4.590032301	-1.30E-07	0	4.13316921528705e-06	-0.014669927	Cancer
227	-3.169759826	-2.11E-07	0.004889976	5.45484274577623e-06	0.159739201	Cancer
228	-2.978965313	-1.83E-07	0	-5.80E-07	0	Cancer
229	-2.020742736	-1.58E-07	0	-5.79E-08	0	Cancer
230	3.736633524	-7.01E-08	0.004889976	4.75694831898306e-07	0	Cancer
231	2.521368101	-1.80E-08	0.004889976	2.10282221378942e-06	0	Cancer
232	1.291899396	-1.66E-08	0.002444988	1.66453325063838e-05	0	Cancer
233	0.100513393	-5.93E-08	0	4.13274882446509e-05	0	Cancer
234	0.099797409	-6.55E-08	0.004889976	5.68895087315723e-05	0	Cancer
235	0.018767779	-6.53E-08	0	5.11107436485828e-05	0.082314588	Cancer
236	0	-5.66E-08	0	3.00561408052211e-05	0.317848411	Cancer
237	-0.025284212	-6.74E-08	0	1.99449819144365e-05	0.017114914	Cancer
238	-0.336913393	-7.87E-08	0.002444988	0.000102508	0.00253813	Cancer
239	-0.335351284	-7.23E-08	0	0.000137747	-0.006112469	Cancer
240	-0.448986742	-7.42E-08	0	0.000262393	0.013109792	Cancer
241	2.943114279	-5.12E-08	0	0.000361734	-0.008883456	Cancer
242	0.933925982	-5.61E-08	0.002444988	0.000234118	0	Cancer
243	0.382798925	3.78878491853253e-09	0	0.000210307	0	Cancer
244	0.026650854	5.35571774927502e-08	0.007334963	6.36126011706289e-05	0	Cancer
245	-0.464348961	-2.62E-08	0	0.000447215	-0.275468623	Cancer
246	0.805881582	-5.58E-08	0.012224939	0.000605814	-0.012224939	Cancer
247	0.501091409	-3.31E-08	0	0.00334638	-0.006519967	Cancer
248	0.515768331	-6.62E-08	0.007334963	0.005134663	0	Cancer
249	4.979452643	-3.84E-08	0	0.039465845	-0.06805216	Cancer
250	49.86485387	-4.21E-08	0	0.040649703	-0.02208639	Cancer
251	2.882350049	-3.68E-08	0.007334963	0.009696996	0	Cancer
252	56.86231544	-7.15E-08	0.007334963	0.00049988	0.000407498	Cancer
253	3.452466552	-1.17E-07	0	0.000275558	0.018174409	Cancer
254	3.479426006	-1.81E-07	-0.004889976	5.6106973794415e-05	0.017114914	Cancer
255	-2.544110641	-1.99E-07	0	5.84449148003723e-05	0.010105949	Cancer
256	-12.70307539	-2.05E-07	-0.004889976	-0.000117728	0	Cancer
257	3.072880512	-1.64E-07	-0.002444988	-8.08E-05	0.000407498	Cancer
258	-7.345769169	-1.75E-07	-0.009779951	-4.67E-05	0.000488998	Cancer
259	4.136263258	-1.51E-07	-0.017114914	-3.61E-05	0.000407498	Cancer
260	1.445381416	-1.84E-07	-0.012224939	-4.88E-06	0	Cancer
261	1.4414945	-1.57E-07	0	2.4446386699663e-08	0	Cancer
262	1.452496945	-1.35E-07	0.002444988	-2.48E-08	0	Cancer
263	0.925139435	-1.18E-07	0	-2.64E-09	0	Cancer
264	0.074996778	-1.45E-07	0.002444988	-1.48E-09	0	Cancer
265	-1.374443932	-1.88E-07	0	-1.23E-08	0	Cancer
266	-1.436604524	-2.19E-07	0	-9.14E-08	0	Cancer
267	-1.447606969	-2.56E-07	-0.007334963	-1.05E-06	0	Cancer
268	2.935393353	-2.21E-07	-0.009779951	-2.62E-06	0.000407498	Cancer
269	5.091555737	-1.31E-07	-0.012224939	-7.71E-06	0.000814996	Cancer
270	6.359484101	-8.24E-08	-0.004889976	-5.78E-06	0.00203749	Cancer
271	15.95497016	-9.64E-08	0.002444988	-2.60E-05	0.000814996	Cancer
272	5.535515604	-1.54E-07	0.014669927	-8.91E-05	0	Cancer
273	-259.8979745	-2.61E-07	0.002444988	-0.00043881	0	Cancer
274	0.714239982	-1.77E-07	0	-2.06E-05	0.000407498	Cancer
275	-55.46725637	-1.84E-07	0	6.66239968106683e-05	0.000488998	Cancer
276	1.441865919	-1.06E-07	-0.004889976	0.00034517	0.012224939	Cancer
277	-45.79462501	-1.27E-07	0.004889976	0.002376545	0.015321923	Cancer
278	28.39544623	-6.31E-08	0.002444988	0.005696622	0.019315403	Cancer
279	-0.814637274	-1.01E-07	-0.004889976	0.001066566	0.046454768	Cancer
280	14.39754716	-9.04E-08	0	0.000521641	0.015484923	Cancer
281	1.67453251	-4.80E-08	-0.002444988	0.000177919	0	Cancer
282	1.92512956	-1.41E-08	0	0.000379139	0	Cancer
283	1.924527426	-1.21E-08	0	7.88890718905655e-05	0	Cancer
284	1.926157418	-1.05E-08	0	4.48366128454746e-06	0	Cancer
285	1.927991158	-9.18E-09	0	5.891424890323e-12	0	Cancer
286	1.927379911	-8.23E-09	0	5.90499546796858e-13	0	Cancer
287	1.924119928	-7.42E-09	0	5.91915490923365e-14	0	Cancer
288	1.920452446	-6.73E-09	0	5.93978796350262e-15	0	Cancer
289	1.920452446	-6.18E-09	0	6.04093599081205e-16	0	Cancer
290	0.239994048	-3.00E-08	0	6.68061110329969e-17	0	Cancer
291	-1.681986515	-7.14E-08	0	1.50060414174684e-17	0	Cancer
292	-1.92259181	-8.02E-08	0	5.98304729232701e-18	0	Cancer
293	-1.924527426	-8.97E-08	0	5.08398932431666e-18	0	Cancer
294	-1.926157418	-1.01E-07	-0.002444988	8.34330738399865e-18	0	Cancer
295	3.798729225	-7.59E-08	0	6.905873865905e-18	0	Cancer
296	-1.927379911	-8.69E-08	-0.002444988	8.32210134828642e-18	0	Cancer
297	-1.924119928	-9.91E-08	0	-5.80E-18	0	Cancer
298	-1.920859944	-1.14E-07	0	1.1436808963092e-09	0	Cancer
299	0.240182822	-1.04E-07	0.002444988	9.60400799402868e-09	0	Cancer
300	-1.951622277	-1.33E-07	-0.002444988	9.87227037554279e-08	0	Cancer
301	10.26471305	-8.63E-08	-0.002444988	8.19573722308256e-07	0.007334963	Cancer
302	0.84190556	-1.03E-07	-0.002444988	1.4897925216596e-05	0.014669927	Cancer
303	-12.69839614	-1.58E-07	-0.012224939	0.000101806	0.014669927	Cancer
304	16.68440686	-4.51E-08	-0.007334963	0.000328435	0.002200489	Cancer
305	-0.44956821	-6.42E-08	-0.002444988	0.001513753	-0.012224939	Cancer
306	-0.351485832	-3.42E-08	0	0.000176751	0	Cancer
307	-0.254351741	-3.38E-08	0.002444988	0.000688119	0	Cancer
308	0.036107155	-1.91E-08	0	0.000754941	0.110839446	Cancer
309	0.037940896	-1.66E-08	0	0.000569766	0.332518337	Cancer
310	0.037940896	-1.46E-08	0	2.66385841763242e-06	0	Cancer
311	0	-2.24E-08	0	6.18582517421133e-09	0	Cancer
312	-0.037940896	-2.55E-08	0	6.28655987518064e-09	0	Cancer
313	-0.037940896	-2.94E-08	0	1.08635721447549e-06	0	Cancer
314	-0.116782626	-3.44E-08	0.002444988	0.000531447	0	Cancer
315	1.351975609	-2.08E-08	0	0.001838257	0	Cancer
316	4.103836988	-4.06E-08	0	0.003610843	-0.007334963	Cancer
317	-0.408903399	-6.64E-08	0	0.005333663	0.016788916	Cancer
318	16.98371229	-7.34E-08	-0.002444988	0.00422663	-0.005378973	Cancer
319	6.236849886	-1.03E-07	-0.002444988	0.004455424	-0.005460473	Cancer
320	-7.256132954	-1.25E-07	-0.002444988	0.002170117	-0.011002445	Cancer
321	-9.006632517	-1.86E-07	-0.004889976	0.00043594	0	Cancer
322	-0.166277709	-1.56E-07	0	0.00045096	0	Cancer
323	0.572557409	-8.52E-08	0.002444988	2.16816479015512e-06	0	Cancer
324	-0.499669403	-1.55E-07	0	-1.06E-06	0	Cancer
325	-39.74955304	-1.85E-07	0.012224939	5.11374153103204e-05	0.001222494	Cancer
326	73.17471587	8.90972063326018e-10	0.02200489	3.69924948257765e-06	0.030399348	Cancer
327	1.636505918	-1.58E-08	0	-9.18E-06	0.017114914	Cancer
328	-4.380990485	-1.78E-07	0.002444988	-4.87E-05	0.008557457	Cancer
329	-8.08708352	-1.52E-07	0	-9.85E-06	0	Cancer
330	-4.189160726	-7.77E-08	0.002444988	4.17952666133695e-08	0	Cancer
331	0.323462033	-6.73E-09	0.007334963	-2.25E-10	0	Cancer
332	0.308825695	-7.86E-09	0	-2.28E-11	0	Cancer
333	0.196072594	6.29855386870368e-08	0	-5.25E-12	0	Cancer
334	0.101268344	1.82651083364461e-08	0.004889976	-3.08E-11	0	Cancer
335	-4.285496561	-7.29E-08	0.002444988	7.22237444848213e-09	0	Cancer
336	-3.18596868	-1.24E-07	0.009779951	3.61572446191622e-08	0.00203749	Cancer
337	3.497264645	-1.39E-07	-0.014669927	3.33817145885438e-07	0.013447433	Cancer
338	2.898680395	-8.15E-08	0.012224939	5.18558351951924e-08	0.000407498	Cancer
339	-0.461320634	-1.68E-07	-0.012224939	1.00709629225181e-06	0.350448248	Cancer
340	0.457827324	-1.46E-07	0.002444988	9.49897536282912e-07	0.361858191	Cancer
341	5.351685739	-1.74E-07	0.002444988	7.19698716987363e-06	0.120211899	Cancer
342	0.145446224	-1.15E-07	0	0.000762697	0.000814996	Cancer
343	-6.862627185	-1.21E-07	0.002444988	0.001324904	0.000814996	Cancer
344	3.209762575	-1.03E-07	0	0.004274464	0.000407498	Cancer
345	1.396279153	-6.66E-08	0	0.00847464	0	Cancer
346	1.755627283	-6.72E-08	0	0.011938194	-0.009290954	Cancer
347	0.590800183	-6.84E-08	0	0.011236442	-0.005541972	Cancer
348	6.984366513	-6.06E-08	0.002444988	0.00642025	0	Cancer
349	-0.714204726	-6.27E-08	0	0.006884713	0	Cancer
350	0.126139568	-5.75E-08	0	0.000611256	0.008475958	Cancer
351	0	-5.04E-08	0	0.000117802	0	Cancer
352	0	-4.44E-08	0	-1.30E-09	0	Cancer
353	0	-3.94E-08	0	-1.31E-10	0	Cancer
354	0	-3.52E-08	0	-1.31E-11	0	Cancer
355	0	-3.16E-08	0	-1.31E-12	0	Cancer
356	0	-2.86E-08	0	-1.31E-13	0	Cancer
357	0	-2.59E-08	0.002444988	-1.31E-14	0	Cancer
358	-39.27872861	-2.61E-08	0	-1.31E-15	0	Cancer
359	0	-4.68E-09	0.002444988	-1.31E-16	0	Cancer
360	0	-4.35E-09	0	-6.82E-18	0	Cancer
361	0	-4.06E-09	0	6.24416887803868e-18	0	Cancer
362	0	-3.79E-09	0	5.40439993993081e-18	0	Cancer
363	0	-3.54E-09	0	9.22093747777496e-18	0	Cancer
364	0	-3.29E-09	0	6.65981462561799e-18	0	Cancer
365	0	-3.31E-09	0	8.66772906198907e-18	0	Cancer
366	0	-3.11E-09	0	5.3954263454697e-18	0	Cancer
367	0	-2.92E-09	0	4.96531736107998e-18	0	Cancer
368	0	-2.74E-09	0	5.1716351921165e-18	0	Cancer
369	0	-2.58E-09	0	5.30988096960222e-18	0	Cancer
370	0	-2.44E-09	0	5.26898968884206e-18	0	Cancer
371	0	-2.30E-09	0	5.28076335881174e-18	0	Cancer
372	0	-2.17E-09	0	5.40599330521918e-18	0	Cancer
373	0	-2.06E-09	0	5.25245676737878e-18	0	Cancer
374	0	-1.95E-09	0	5.22166165728718e-18	0	Cancer
375	0	-1.85E-09	0	5.13724904615608e-18	0	Cancer
376	0	-1.75E-09	0	5.02909941822468e-18	0	Cancer
377	0	-1.67E-09	0	8.3731240316697e-18	0	Cancer
378	0	-1.58E-09	0	6.81327214763018e-18	0	Cancer
379	0	-1.58E-09	0	8.8321912568567e-18	0	Cancer
380	0	-1.51E-09	0	4.88829750733491e-18	0	Cancer
381	0	-1.44E-09	0	4.9452996800568e-18	0	Cancer
382	0	-1.37E-09	0	5.10849769222506e-18	0	Cancer
383	0	-1.31E-09	0	5.29958635357767e-18	0	Cancer
384	0	-1.25E-09	0	5.33344957150402e-18	0	Cancer
385	0	-1.19E-09	0	5.2804921348666e-18	0	Cancer
386	0	-1.14E-09	0	5.17027678331612e-18	0	Cancer
387	0	-1.09E-09	0	5.1664921695781e-18	0	Cancer
388	0	-1.04E-09	0	5.26992042000984e-18	0	Cancer
389	0	-1.00E-09	0	5.33374122822389e-18	0	Cancer
390	0	-9.60E-10	0	5.27392134560428e-18	0	Cancer
391	0	-9.21E-10	0	5.32927485212844e-18	0	Cancer
392	0	-8.85E-10	0	5.19934370539649e-18	0	Cancer
393	0	-8.50E-10	0	5.23662937864056e-18	0	Cancer
394	0	-8.17E-10	0	5.18900030159421e-18	0	Cancer
395	0	-7.86E-10	0	5.20482828900227e-18	0	Cancer
396	0	-7.56E-10	0	4.99437647586782e-18	0	Cancer
397	0	-7.28E-10	0	5.01735687861157e-18	0	Cancer
398	0	-7.01E-10	-0.002444988	8.38538657972617e-18	0	Cancer
399	3.892420538	-6.52E-10	0	6.89210973358471e-18	0	Cancer
400	0	-2.94E-09	-0.002444988	6.74920365770634e-18	0	Cancer
401	0	-2.83E-09	0	7.51509569160565e-18	0	Cancer
402	0	-2.73E-09	0	6.21198508022285e-18	0	Cancer
403	0	-2.73E-09	0	5.34240832038864e-18	0	Cancer
1	0	6.86733620138122e-09	-9.17E-05	-4.49E-17	0	ASD
2	-1.994001998	9.40802410761697e-09	0.012530562	-1.04E-08	0	ASD
3	0.012143075	8.87821838420864e-09	0.012530562	-7.36E-08	0.266778729	ASD
4	-0.045656079	7.22953346084351e-09	0	-5.88E-07	0.089007742	ASD
5	-3.136258896	6.35676392779375e-09	-0.000213936	-1.94E-06	0.088946618	ASD
6	9.837265326	1.45779581449911e-07	0.050244499	-6.55E-07	0.088946618	ASD
7	0.000851574	6.43482234055463e-09	3.05623471881233e-05	-1.56E-06	0.266850041	ASD
8	-0.105448321	8.42022364135639e-09	3.05623471881233e-05	-2.84E-07	0.088997555	ASD
9	-8.945560284	6.71877929930408e-09	-3.06E-05	-2.46E-07	0.000112062	ASD
10	0.273236099	1.16932443393314e-08	0.012713936	-1.14E-06	0.000101874	ASD
11	0.666614801	1.69655847156807e-08	6.11246943766908e-05	-1.14E-07	0	ASD
12	0.773123516	1.65150661701698e-08	0	-1.14E-08	0	ASD
13	0.494125617	5.81754586341586e-09	0	-1.14E-09	0	ASD
14	0.332284449	2.13453936549258e-09	3.05623471881233e-05	-1.14E-10	0	ASD
15	0.148997308	-3.24E-09	3.05623471881233e-05	-1.14E-11	0	ASD
16	0.855224717	-1.09E-08	-3.06E-05	-2.20E-13	0	ASD
17	0.216957475	-8.88E-09	3.05623471881233e-05	1.33493442094084e-11	0	ASD
18	0.240704419	-7.16E-09	0	2.06159857532543e-09	0	ASD
19	0.050185213	-1.86E-08	0	2.06574286965281e-10	0	ASD
20	-0.15252837	-2.17E-08	0	2.08373428104409e-11	0	ASD
21	-0.142468931	-2.52E-08	-6.11E-05	3.43701547171265e-12	0.266529136	ASD
22	0.024788277	-2.56E-08	0	-2.12E-06	0.266595355	ASD
23	-5.407844603	-3.00E-08	-0.012591687	-1.07E-05	0.173349633	ASD
24	0.023885511	-9.61E-09	0.000244499	-1.04E-05	-0.27955379	ASD
25	4.463383369	1.34840485433417e-08	-6.11E-05	-6.55E-05	-0.046587205	ASD
26	-0.093961124	3.29058404372623e-08	3.05623471881233e-05	8.304052633009e-05	3.05623471882641e-05	ASD
27	-0.338965784	2.80006973569743e-08	-0.000152812	-0.000164958	0	ASD
28	5.10405034	1.01244962338626e-07	-0.000183374	-9.54E-05	0	ASD
29	0.00906991	8.96042846414689e-08	3.05623471881233e-05	-0.000192518	1.01874490627547e-05	ASD
30	0.37652636	8.59425372291562e-08	-0.000305623	-0.000218255	0.000112062	ASD
31	0.003547056	2.46969726863504e-08	9.16870415648141e-05	-5.54E-05	0.266870416	ASD
32	-0.025295964	2.92866253395069e-08	-6.11E-05	-0.00028817	0.088956805	ASD
33	2.119985824	3.47367760603751e-08	3.05623471881233e-05	-0.000481819	0.026628973	ASD
34	-6.587876814	3.05537840908886e-08	-0.012683374	0.000210019	0.046470049	ASD
35	10.7771629	9.39086711126925e-08	-0.012469438	-0.000415634	0.097116952	ASD
36	-34.22826645	1.19105061528518e-09	-0.012530562	-0.002326166	0	ASD
37	39.82537476	2.40004585829584e-08	-0.000213936	-0.000199733	0	ASD
38	18.13363998	1.6797634145644e-08	-0.000213936	-3.00E-05	0.000122249	ASD
39	8.342858622	1.39831086951882e-08	-0.025030562	-9.20E-05	0.004299104	ASD
40	1.432190948	1.33459475096134e-08	0	-2.83E-08	0.025	ASD
41	1.51474938	1.32452976149718e-08	0	-3.35E-09	0	ASD
42	2.824390796	8.37289340941891e-09	0	-4.27E-10	0	ASD
43	-1.832464923	-2.69E-07	9.16870415648141e-05	-7.27E-06	-0.267114914	ASD
44	-20.44679713	-3.13E-07	-0.062622249	-6.44E-05	-0.08901793	ASD
45	9.405934995	8.60601822073068e-09	0	-8.88E-06	-0.091131826	ASD
46	1.770108947	8.3220387688248e-09	0.012377751	-1.16E-05	0.040184393	ASD
47	0.394896255	-2.70E-09	0.000122249	-5.05E-05	0.253738794	ASD
48	-32.14822391	-5.92E-09	-0.075183374	-0.000499708	0.002976409	ASD
49	25.49451289	7.92069989848446e-09	-0.012622249	-6.23E-05	0.04232172	ASD
50	-9.681315173	-1.11E-09	-0.037683374	-3.40E-05	0	ASD
51	-0.008552598	1.56334078562953e-09	-6.11E-05	-8.75E-06	0.004187042	ASD
52	-0.478528201	-8.10E-09	-0.012591687	-1.23E-06	-0.058852893	ASD
53	6.662217403	1.65007196235953e-08	-3.06E-05	-3.95E-07	-0.080777302	ASD
54	-1.378181407	6.02002244495109e-10	0	-3.72E-07	-0.12056846	ASD
55	0.125017817	1.55357192961191e-08	-9.17E-05	-1.31E-07	-0.120517522	ASD
56	-0.088082178	1.56076109547067e-08	0	-1.04E-07	-0.16076304	ASD
57	0.906821566	2.27634817598495e-08	-3.06E-05	-8.25E-08	-0.080328036	ASD
58	-0.110044118	6.94859901472704e-09	-9.17E-05	-6.19E-08	-0.040113081	ASD
59	0.000381846	1.95413625274257e-08	0.000152812	1.50321177894674e-08	-0.160701915	ASD
60	4.54781567250651e-05	1.95243891778878e-08	-3.06E-05	-2.98E-09	-0.160605134	ASD
61	0.086146927	2.12508662715278e-08	-9.17E-05	-4.80E-10	-0.040143643	ASD
62	-0.005050722	1.88648039949209e-08	0.000122249	2.21001130020047e-08	1.01874490627547e-05	ASD
63	0.059366694	2.03798796284216e-08	9.16870415648141e-05	2.42493601059562e-09	-0.267104727	ASD
64	0.043846275	2.27732395134553e-08	3.05623471881233e-05	4.03584431531498e-10	-0.267114914	ASD
65	-0.157709534	2.63546317802433e-08	-0.000122249	2.26738533490346e-07	-0.089043399	ASD
66	0.296150997	2.20764959355836e-08	-0.000183374	-2.49E-05	0	ASD
67	0.941713784	2.73675796159066e-08	-9.17E-05	-0.000729238	0	ASD
68	1.538950463	2.58200863650958e-08	-3.06E-05	-0.001432665	1.5281173594132e-05	ASD
69	3.939286206	2.47524055989237e-08	-0.000122249	-0.002254503	3.05623471882641e-05	ASD
70	4.440351625	2.22775651618752e-08	-0.000122249	-0.00163126	0	ASD
71	2.712363864	2.18003700061704e-08	3.05623471881233e-05	-0.001073545	0.008791769	ASD
72	-1.079603925	-1.27E-07	3.05623471881233e-05	-0.000406064	0.004395884	ASD
73	0.025211106	-1.07E-07	3.05623471881233e-05	-5.75E-05	0	ASD
74	-1.351943001	2.15567261058951e-08	0	-5.94E-06	1.01874490627547e-05	ASD
75	-1.976979114	3.16128999551535e-08	0	-5.95E-07	0	ASD
76	0.476367939	6.00782606200671e-08	0.0125	-5.95E-08	0	ASD
77	-0.861091121	3.38206395855331e-08	0	-5.44E-09	0	ASD
78	2.641564835	4.12248281749796e-08	0.025030562	1.39993464468057e-09	0	ASD
79	-0.380058211	4.39492157816861e-09	-3.06E-05	2.67855023247667e-08	0.0125	ASD
80	0.000632106	4.00561959561794e-09	0	4.81762004773037e-08	0.0125	ASD
81	0.567253722	6.70698733999512e-09	0.012561125	-4.16E-07	-0.044077017	ASD
82	0	4.00610573547352e-09	0	-3.40E-07	-0.266962103	ASD
83	-0.115607365	1.49116762641075e-08	0	-3.01E-06	-0.044536471	ASD
84	0.11448937	2.3639433722588e-08	-6.11E-05	-3.27E-06	0.106652404	ASD
85	2.754070627	2.46243542813003e-08	-0.000122249	-1.16E-05	0.020451304	ASD
86	-0.136608089	1.9998936382588e-08	-3.06E-05	-9.69E-07	0	ASD
87	-0.204582542	1.98939455127488e-08	-6.11E-05	-1.87E-05	0	ASD
88	-1.418031977	-1.28E-07	0	-2.95E-06	0	ASD
89	-0.605448923	-1.29E-07	-3.06E-05	-1.35E-06	1.01874490627547e-05	ASD
90	-28.28492963	-2.87E-07	-0.012438875	-0.000575016	0.002647718	ASD
91	0.579117536	-1.25E-07	0	-5.29E-05	0	ASD
92	3.662669123	1.4176462667751e-08	9.16870415648141e-05	-5.30E-06	0	ASD
93	3.725724604	1.52058170904679e-08	0	-5.31E-07	0	ASD
94	3.22636093	-3.04E-08	3.05623471881233e-05	-5.34E-08	0	ASD
95	-24.04211685	-6.66E-08	-6.11E-05	-5.76E-09	0	ASD
96	-30.81394204	-1.92E-07	-0.012377751	-0.000527908	0	ASD
97	0.478055172	-6.13E-08	6.11246943766908e-05	-5.28E-05	0	ASD
98	-1.590076378	5.21824623930193e-09	6.11246943762467e-05	-8.68E-06	2.03748981255094e-05	ASD
99	0	-6.60E-08	-0.012530562	-2.79E-05	6.11246943765281e-05	ASD
100	2.976403617	1.27297884327279e-08	0.000122249	-0.000231489	2.03748981255094e-05	ASD
101	-4.688324371	1.45953235359143e-08	-0.025061125	-0.00140261	0	ASD
102	0.16948832	1.28333474108254e-08	0	-0.001479737	0.076049307	ASD
103	6.470304597	-7.22E-09	0.012530562	-0.009132329	0.227720049	ASD
104	-5.448558883	1.37541653028679e-08	0	-0.0024874	0.07591687	ASD
105	-9.540528873	5.08407303054432e-09	-9.17E-05	-0.001877646	0.004197229	ASD
106	0.005564229	5.16946517030111e-09	0.000213936	-0.000236434	0.227567237	ASD
107	5.686535874	2.18223602253863e-08	0.075091687	-3.17E-05	0.075927058	ASD
108	-8.439232048	7.15686479651752e-09	-6.11E-05	-1.04E-05	0.202450081	ASD
109	-4.076663662	7.61007569393085e-09	0.025152812	1.34070279230183e-06	0.067435819	ASD
110	0.274255704	7.79684153234838e-09	0.024938875	-7.90E-07	0.135207824	ASD
111	-0.269500781	2.01228265514367e-08	-0.000152812	-2.28E-06	0.134993888	ASD
112	-6.674487593	6.96758680040891e-09	-0.012836186	-3.10E-06	0.067583537	ASD
113	0.006289503	8.7417144143244e-09	9.16870415648141e-05	-1.08E-05	-0.028687857	ASD
114	-1.028892883	7.93664564372409e-09	-9.17E-05	-2.06E-05	-0.058893643	ASD
115	-0.943038861	6.81157684540002e-09	0	-2.15E-06	0	ASD
116	0.085894772	8.8130248466448e-08	0	-1.07E-06	0	ASD
117	1.028933633	1.0154320374543e-07	0	-8.61E-06	0	ASD
118	1.719551128	1.19141648583437e-07	-0.000152812	-8.58E-05	-0.038762225	ASD
119	-1.551415001	2.60826419551581e-08	-0.000122249	-0.000103246	-0.01182661	ASD
120	11.50381913	3.33090386548599e-08	0.0125	6.66384337516118e-05	0.04645273	ASD
121	-0.247637402	2.7674623312554e-08	-3.06E-05	0.000266488	0.055749796	ASD
122	11.69902489	3.73790679259064e-08	-3.06E-05	-9.59E-05	0	ASD
123	1.391072243	2.65702832607216e-08	0.000183374	-0.000174479	0.024664833	ASD
124	12.76617172	2.85026692595225e-08	-0.013111247	-0.00325972	-0.023062202	ASD
125	0.00126131	2.57004253742359e-08	6.11246943766908e-05	-0.000532329	-0.279726976	ASD
126	5.002103806	7.89203719349504e-08	-9.17E-05	-0.001975283	-0.090861858	ASD
127	18.59198227	-1.60E-07	-0.050183374	-0.000627525	0.046914222	ASD
128	3.580386132	6.84752278653469e-08	6.11246943766908e-05	-0.000117933	0	ASD
129	53.79233434	1.26707157583987e-07	-0.012836186	-0.001931297	0	ASD
130	1.41687089	2.38809288722035e-08	-0.012622249	-0.003883751	0.068245721	ASD
131	9.131890833	4.23718163192807e-08	-0.000275061	-0.014766656	0.023215159	ASD
132	19.07243467	1.28512267362491e-07	-9.17E-05	-0.102727754	-0.024159535	ASD
133	-43.89160902	4.5068139775022e-08	0	-0.167248374	-0.132682355	ASD
134	0.007566786	3.79922181068708e-08	-0.012652812	-0.069764404	-0.063187653	ASD
135	1.418267211	3.94602908310756e-08	0	-0.072500992	-0.063187653	ASD
136	-2.609728394	3.60869176030225e-08	0	-0.13395793	0.063192747	ASD
137	-4.608927902	3.36544549797702e-08	-0.012530562	-0.081231773	0.063202934	ASD
138	2.84265704	2.17922709039439e-08	-0.000122249	-0.03170923	0.037924817	ASD
139	-0.727363202	2.21781710869819e-08	0.000122249	-0.012372211	0.033679707	ASD
140	-1.537117051	2.28202890463719e-08	0.000122249	-0.005896501	0.029497759	ASD
141	-10.37912668	1.23919918142785e-08	-0.012530562	-0.005550761	0.017700693	ASD
142	-0.143216965	1.74017383903265e-08	0	-0.000570996	3.05623471882641e-05	ASD
143	-0.057103433	1.62407546019179e-08	6.11246943766908e-05	-6.47E-05	0	ASD
144	0.068220031	6.90427049163469e-08	0.000183374	-8.08E-05	0	ASD
145	0.33040621	8.0706988636294e-08	0.0125	-0.000750183	1.01874490627547e-05	ASD
146	-0.011853592	1.9117075241809e-08	6.11246943766908e-05	-0.000272474	0	ASD
147	0.03880195	2.77452554217649e-08	0	-0.000140264	0	ASD
148	0.459882022	3.30816270337501e-08	0.012408313	-3.02E-05	0	ASD
149	-0.095013666	9.824510841555e-08	3.05623471881233e-05	-2.15E-05	0	ASD
150	1.021523372	1.20533892166146e-07	0.0375	-0.000156589	0.00217502	ASD
151	1.387129375	1.03992899666019e-07	-9.17E-05	-0.001383109	0.01894589	ASD
152	5.906824108	1.15902987803313e-07	-0.000244499	-0.002505304	-0.024844132	ASD
153	0.328517816	1.04054228594472e-07	0.024969438	-0.001561022	-0.012566218	ASD
154	-0.023719532	1.03070907680249e-07	-6.11E-05	-0.007961069	0.136924409	ASD
155	1.332768396	1.10212832579032e-07	-0.012591687	-0.043511294	0.036646292	ASD
156	2.793251525	1.14918652616033e-07	-0.000213936	-0.033645274	0.065205786	ASD
157	0.343996255	1.04623520838623e-07	0.012438875	-0.005833004	0.122035452	ASD
158	1.360634175	1.07092392302418e-07	-6.11E-05	-0.007500352	0.085041769	ASD
159	2.426189516	8.4911886226815e-08	-0.012561125	-0.001626361	0.052643643	ASD
160	-0.00539932	1.00446545733986e-07	0.012438875	-0.000490693	0	ASD
161	-0.018254863	8.43375898645861e-08	0	-4.88E-05	0	ASD
162	-0.03659534	7.27261555792929e-08	3.05623471881233e-05	-5.46E-06	0	ASD
163	-0.031712377	9.21144369600015e-08	0	-6.28E-06	0	ASD
164	0.00539932	1.09340661776872e-07	0	-5.78E-05	0	ASD
165	2.256594192	1.31946757871864e-07	0.012377751	-0.000576348	0	ASD
166	78.83727816	1.32767671378632e-07	-0.000152812	-0.001423685	0.010110024	ASD
167	29.13291523	1.31338717887129e-07	-9.17E-05	-0.001747679	0	ASD
168	138.8810363	1.40193982344004e-07	0.012561125	-6.84E-06	0	ASD
169	0.981427141	3.7976609734312e-08	0.000244499	-4.17E-05	0	ASD
170	-176.782183	2.50809682622198e-08	0.025030562	-0.000413738	0.151390587	ASD
171	-88.21725249	2.82195003674336e-08	0.012530562	-0.000872349	0.151400774	ASD
172	29.24906331	1.36530833873521e-07	6.11246943762467e-05	-0.002428434	0.050093725	ASD
173	0.195675885	3.53917599036063e-08	0.012561125	-0.000857117	0.012606968	ASD
174	-34.14889756	7.2607366881014e-09	-0.000122249	-0.005210232	0.009979916	ASD
175	-1.464741346	4.14838316982252e-08	-9.17E-05	-0.014007094	0.012313424	ASD
176	2.093100662	3.59203463796282e-08	-6.11E-05	-0.00824428	0.065281174	ASD
177	-0.174369449	1.65183346272622e-08	-3.06E-05	-0.004043321	0.084229829	ASD
178	-0.968780006	1.40380030666802e-08	0	-0.00404477	0.051788916	ASD
179	-1.540452827	2.49643355370948e-08	-0.000122249	-0.001246049	0.040436023	ASD
180	0.761460034	1.96797860351893e-08	0	-0.000516167	0.063162184	ASD
181	-0.115436216	2.95079432947615e-09	-0.000305623	-0.000215804	0.084214548	ASD
182	-10.3453678	2.39526989789882e-09	-0.012561125	-0.000139709	0.021053382	ASD
183	0.778937207	1.64818277655738e-08	-6.11E-05	-4.20E-05	0.042069071	ASD
184	0.002142221	1.47203078012018e-08	0	-5.58E-07	-0.25443154	ASD
185	-0.778597739	-2.27E-08	-0.012652812	-4.46E-06	-0.038549307	ASD
186	-11.00049673	-1.75E-09	-6.11E-05	-1.17E-06	-0.237449063	ASD
187	0.065610197	-1.46E-09	6.11246943766908e-05	4.17989293286222e-10	0	ASD
188	-11.40947837	-2.25E-09	-3.06E-05	8.31132833329494e-11	0	ASD
189	-11.4049957	3.52985463978445e-09	0	4.70205340519724e-05	0	ASD
190	-9.453602671	1.72709957283823e-07	0	0.00035311	0	ASD
191	-0.997118413	-2.29E-09	3.05623471881233e-05	0.002658107	0	ASD
192	44.7585702	2.12641161827573e-07	-6.11E-05	0.016685	-0.093174409	ASD
193	-58.86419673	6.64345592535538e-10	0	0.20066499	0.072656887	ASD
194	-2.350826981	1.31032053566835e-09	0	0.07772613	-0.093164222	ASD
195	-1.918550833	-2.98E-09	0	0.069174884	-0.037887123	ASD
196	-0.844444347	2.17527271232591e-08	0	0.020836947	-0.037876936	ASD
197	-1.73820219	1.91229843594053e-08	0	0.009302199	-0.093154034	ASD
198	0.285468192	2.50065091053349e-08	0	0.002068734	0	ASD
199	-1.393305019	1.97082649652867e-08	3.05623471881233e-05	0.000918162	-0.247667074	ASD
200	-10.75043635	1.93121011324553e-08	-0.0125	0.00056117	0.012530562	ASD
201	0.769809577	2.29348380846768e-08	0.000122249	9.39437044876419e-05	0	ASD
202	2.875225582	1.24144375484875e-08	9.168704156437e-05	0.000267816	3.05623471882641e-05	ASD
203	1.553503221	1.09485541796556e-07	0	4.82459725512362e-05	3.05623471882641e-05	ASD
204	6.001532447	1.15030202819325e-07	-0.000305623	6.3559104175851e-06	0.016707416	ASD
205	-0.114138843	1.12112008245156e-07	0.000152812	1.78611531110935e-06	0.004176854	ASD
206	6.55132058	9.76607249654449e-08	-3.06E-05	5.87126969243503e-07	-0.071994703	ASD
207	-1.388944562	-1.02E-07	-0.012438875	1.92329072292584e-07	-0.063742869	ASD
208	-0.023688793	-8.76E-08	9.16870415648141e-05	1.70405041002925e-08	0	ASD
209	1.351196027	1.69582729355388e-08	9.16870415648141e-05	1.57288800613295e-07	-0.279635289	ASD
210	2.0368801	1.9007206373059e-08	0.012652812	6.47875624190051e-06	-0.093210065	ASD
211	-6.438701029	1.4452583381203e-08	-0.0125	1.59694705214469e-06	-0.037695599	ASD
212	0	1.38859683442222e-08	0	-7.04E-07	0	ASD
213	-7.039315821	1.62369597657007e-08	-6.11E-05	-7.12E-06	0	ASD
214	0.013636511	1.53021422876355e-08	0	-7.45E-06	0	ASD
215	-2.744603882	-6.63E-09	-6.11E-05	-1.83E-05	3.05623471882641e-05	ASD
216	-0.292125492	-4.26E-09	3.05623471881233e-05	-2.39E-06	0	ASD
217	-1.42064503	-4.16E-09	0	-3.46E-05	0	ASD
218	-4.196982887	-2.55E-09	3.05623471881233e-05	-1.46E-05	0	ASD
219	-1.118756746	8.80940884340686e-09	0	-2.64E-05	0	ASD
220	3.444920998	3.42707286278446e-07	0.012530562	3.62503421547678e-06	1.01874490627547e-05	ASD
221	0	2.8706897186608e-07	3.05623471881233e-05	2.97914332964315e-06	1.01874490627547e-05	ASD
222	-1.875153685	7.31858708442261e-09	0	2.71612504180353e-05	0.004181948	ASD
223	0.00262055	6.17164424575908e-09	0	7.39853674419909e-06	0	ASD
224	0.00262055	6.17164424575908e-09	0	1.38132347235155e-05	0	ASD
225	0.000834805	-4.75E-09	6.11246943762467e-05	2.0845303762834e-05	0	ASD
226	0.047358182	-6.83E-09	0	3.06689228969807e-06	-0.010600041	ASD
227	-0.336998696	-1.02E-08	6.11246943766908e-05	4.25224308623516e-06	0.122830073	ASD
228	-0.409989403	-8.85E-09	0	-4.32E-07	0	ASD
229	-0.457612891	-8.14E-09	0	-4.91E-08	0	ASD
230	-0.116531728	-5.86E-09	6.11246943766908e-05	2.50475271945645e-07	0	ASD
231	0.145001745	1.25847635147635e-08	-0.024938875	1.31519515567878e-06	0	ASD
232	0.096148915	1.5659519587264e-08	3.05623471881233e-05	1.04133798487443e-05	0	ASD
233	0.070479555	1.43514495860441e-08	-0.0125	2.62398621222946e-05	0	ASD
234	0.083315822	1.61339858792571e-08	-0.012438875	3.59503130076051e-05	0	ASD
235	-0.040226889	1.10670825920688e-08	0	3.23287767846499e-05	0.067695599	ASD
236	0.000625	9.45980962766229e-09	0	1.90684078487696e-05	0.266473105	ASD
237	0.097602219	1.6039646044512e-08	0	1.2515437814306e-05	0.025213936	ASD
238	2.925766549	1.89936924344743e-08	3.05623471881233e-05	6.43056533961307e-05	0.005805536	ASD
239	-6.640578047	7.54905938479236e-09	-0.05	8.66637161047922e-05	-7.64E-05	ASD
240	4.837425916	1.75299230195246e-08	0	0.000166677	0.008497206	ASD
241	0.354072827	1.77523048913665e-08	0	0.000229071	-0.011361043	ASD
242	-0.318166843	1.80633527581918e-08	3.05623471881233e-05	0.00015436	0	ASD
243	-0.726284689	1.98190490322084e-07	0	0.000155753	0	ASD
244	0.000333136	1.68357466161505e-07	9.16870415648141e-05	4.17831357107977e-05	0	ASD
245	0.854553803	1.72373438889835e-07	0	0.00027922	-0.211776691	ASD
246	-1.457946276	-2.54E-09	0.000152812	0.000378287	0.034847188	ASD
247	6.199576554	2.00480462803608e-07	0	0.00208603	0.004085167	ASD
248	-1.220086812	-1.50E-09	9.168704156437e-05	0.003214093	0	ASD
249	14.30983977	2.24023737449428e-07	0	0.024606952	-0.061683985	ASD
250	133.949195	2.51924904767894e-07	0	0.025691458	-0.018192747	ASD
251	-0.81853579	2.61973686591766e-07	-0.012408313	0.006134381	0	ASD
252	163.4137652	3.43239255864774e-07	0.025091687	0.000391885	0.002088427	ASD
253	12.73948119	3.06824796114538e-07	0	0.000217541	0.00772718	ASD
254	-16.02643467	-4.03E-09	-6.11E-05	4.04567747947921e-05	0.006463936	ASD
255	1.733305184	-3.33E-09	0	4.9407109416652e-05	0.008042991	ASD
256	-30.70654658	-4.28E-09	-6.11E-05	-8.83E-05	0	ASD
257	-2.050506407	2.03623590992589e-08	-3.06E-05	-6.37E-05	5.09372453137734e-06	ASD
258	-13.46018598	-6.60E-09	-0.000122249	-4.21E-05	6.11246943765281e-06	ASD
259	-0.628630452	1.59428329931483e-08	-0.000213936	-2.87E-05	5.09372453137734e-06	ASD
260	-2.656899578	-3.53E-09	0.012347188	-4.50E-06	0	ASD
261	-2.727781498	-4.06E-09	0	-7.71E-08	0	ASD
262	-2.746393968	-4.39E-09	3.05623471881233e-05	-2.29E-08	0	ASD
263	-0.03114409	1.992234615277e-08	0	-2.39E-09	0	ASD
264	2.710279306	1.89800940385596e-07	3.05623471881233e-05	-1.25E-09	0	ASD
265	2.72861963	2.216016413815e-07	0.0125	-1.03E-08	0	ASD
266	-9.931499223	2.67208956126845e-08	0	-7.33E-08	0	ASD
267	2.925668041	3.42921876108238e-08	0.037408313	-8.71E-07	0	ASD
268	-0.25652345	1.41092795812102e-08	-0.000122249	-1.92E-06	5.09372453137734e-06	ASD
269	6.925839487	1.24328141774062e-07	0.012347188	-5.52E-06	1.01874490627547e-05	ASD
270	2.527370502	1.21589180736216e-07	-6.11E-05	-4.37E-06	2.54686226568867e-05	ASD
271	17.59934404	1.48018745844015e-07	0.012530562	-1.99E-05	1.01874490627547e-05	ASD
272	-6.469758358	-3.61E-09	0.000183374	-6.87E-05	0	ASD
273	-504.7916224	-5.28E-09	0.012530562	-0.000338777	0	ASD
274	326.5343652	3.4433275165202e-07	0.025	-1.61E-05	5.09372453137734e-06	ASD
275	-153.2917916	-4.14E-09	0	5.02732639885585e-05	6.11246943765281e-06	ASD
276	2.356722474	-4.63E-09	-0.012561125	0.000268693	0.006402812	ASD
277	-124.7418942	2.82906609353232e-09	0.012561125	0.001866412	0.016858191	ASD
278	-0.699836218	-5.42E-09	3.05623471881233e-05	0.005894455	0.018991443	ASD
279	1.76659725	-3.45E-09	-6.11E-05	0.001193594	0.013080685	ASD
280	0.925473874	2.04422421660544e-09	0	0.000336028	0.004360228	ASD
281	1.323780981	-5.38E-09	-3.06E-05	0.000140515	0	ASD
282	-0.005917169	1.73800856436736e-08	0	0.000247501	0	ASD
283	-0.007564896	1.47754168443987e-08	0	4.83273959318483e-05	0	ASD
284	-0.007544521	1.27153848798875e-08	0	7.23486562717629e-07	0	ASD
285	-0.007521599	1.1058080498402e-08	0	6.35600203643776e-08	0	ASD
286	-0.00752924	9.70972377766508e-09	0	6.05277880333725e-09	0	ASD
287	-0.00756999	8.59365845842851e-09	0	5.76402103855047e-10	0	ASD
288	-0.007615833	7.65944160080099e-09	0	5.48903937810683e-11	0	ASD
289	-0.007615833	6.87283970224805e-09	0	5.22718527471551e-12	0	ASD
290	-0.002472404	7.1271823733586e-09	0	4.97789075986743e-13	0	ASD
291	0.005124327	8.1513523831993e-09	0	4.74134044435688e-14	0	ASD
292	0.007589091	9.09364244872763e-09	0	4.52073209789848e-15	0	ASD
293	0.007564896	1.02261025535042e-08	0	4.37117144020232e-16	0	ASD
294	0.007544521	1.15840864905558e-08	-3.06E-05	5.93999377791755e-17	0	ASD
295	0.047484115	1.18590900184267e-08	0	8.34365850270683e-18	0	ASD
296	0.00752924	1.35721372801132e-08	-3.06E-05	9.25518589220971e-18	0	ASD
297	0.00756999	1.56372795432833e-08	0	-4.02E-18	0	ASD
298	0.007610739	1.82118322723031e-08	0	1.42960198545109e-11	0	ASD
299	0.003002285	1.82582703287741e-08	3.05623471881233e-05	1.19827617360483e-10	0	ASD
300	-0.037610738	2.14684510995041e-08	-3.06E-05	1.23291269128669e-09	0	ASD
301	0.26092779	2.36633229979658e-08	-3.06E-05	2.61897087196645e-07	9.16870415647922e-05	ASD
302	-0.034313128	2.51495843302881e-08	-3.06E-05	8.91748800056707e-06	0.000183374	ASD
303	-0.937117023	2.56176832331078e-08	-0.000152812	6.93570643682655e-05	0.000183374	ASD
304	-1.146978285	2.88137188380591e-08	-9.17E-05	0.00021573	2.75061124694377e-05	ASD
305	-0.37649136	2.71985256670613e-08	-3.06E-05	0.001007373	-0.004319478	ASD
306	-0.276574167	2.54359278432622e-08	0	0.000111951	0	ASD
307	-0.282281274	2.54065269454488e-08	3.05623471881233e-05	0.000458937	0	ASD
308	2.12145345130921e-05	1.98011759677461e-08	0	0.000494423	0.088885493	ASD
309	4.41362948890855e-05	1.68960283852587e-08	0	0.000374476	0.266656479	ASD
310	4.41362948890855e-05	1.45862778067963e-08	0	1.34007523631694e-06	0	ASD
311	0	1.52633446219802e-08	0	1.25893048576987e-07	0	ASD
312	-4.41E-05	1.76056350866742e-08	0	2.66358881561077e-08	0	ASD
313	-4.41E-05	2.05383991578472e-08	0	1.69377305954008e-07	0	ASD
314	0.058909441	2.42699615394496e-08	3.05623471881233e-05	0.000351337	0	ASD
315	0.50221191	2.33495803544741e-08	0	0.001222265	0	ASD
316	0.837940297	2.89915504434032e-08	0	0.002356275	-0.00217502	ASD
317	-0.7801199	2.58695693549043e-08	0	0.003448532	0.016043195	ASD
318	-0.817701771	3.14667352645324e-08	-3.06E-05	0.00280862	-0.001733904	ASD
319	-0.082082675	2.84223683410471e-08	-3.06E-05	0.002936086	-0.002151589	ASD
320	-10.56770256	2.72154126331977e-08	-3.06E-05	0.001420316	-0.004304197	ASD
321	-2.458775962	2.77521107386433e-08	-6.11E-05	0.000274947	0	ASD
322	0.005375637	2.27787474762207e-08	0	0.000292211	0	ASD
323	0.007156968	2.12951840000242e-08	3.05623471881233e-05	3.81968193349798e-07	0	ASD
324	-0.013699976	2.43788664792575e-08	0	-9.79E-07	0	ASD
325	-57.35817167	3.00019537818473e-08	0.000152812	3.31691548078085e-05	1.5281173594132e-05	ASD
326	190.2561364	4.25854920864269e-07	0.050275061	2.22530427202268e-06	0.000379992	ASD
327	-0.089323855	3.22614283332698e-07	0	-6.88E-06	0.000213936	ASD
328	9.909283663	1.47659245683471e-07	0.012530562	-3.64E-05	0.000106968	ASD
329	-4.757770029	1.20663125447232e-07	0	-7.29E-06	0	ASD
330	-4.721545994	1.01459106084683e-07	3.05623471881233e-05	2.65099483817007e-08	0	ASD
331	-4.455697615	8.90363680773241e-08	9.16870415648141e-05	-1.66E-10	0	ASD
332	-1.210545452	1.09471835803293e-07	0	-1.69E-11	0	ASD
333	3.241536024	3.78882841816622e-07	0.0125	-4.81E-12	0	ASD
334	-3.993370212	2.3174725873512e-07	6.11246943766908e-05	-3.15E-11	0	ASD
335	4.615612778	2.7160493830996e-07	0.025030562	4.403614256156e-09	0	ASD
336	-11.39622551	1.07041539362503e-07	0.012622249	2.14352152287705e-08	2.54686226568867e-05	ASD
337	20.12893745	1.26092722708694e-07	0.012316626	2.0523188347871e-07	0.01183476	ASD
338	0.036233505	1.05668750409162e-07	0.000152812	2.93806858322318e-08	5.09372453137734e-06	ASD
339	0.575095547	1.14911752873375e-07	-0.000152812	5.98998990731023e-07	0.266880603	ASD
340	0.005722842	2.29489743256556e-08	3.05623471881233e-05	5.68439263759028e-07	0.267023227	ASD
341	6.001584211	2.75167359134628e-08	0.012530562	4.25531853141471e-06	0.086919315	ASD
342	-2.603508062	2.55044438683097e-08	0	0.000490239	1.01874490627547e-05	ASD
343	-4.343055875	2.56262734241934e-08	3.05623471881233e-05	0.000853891	1.01874490627547e-05	ASD
344	-3.771794495	2.5380087569451e-08	0	0.002747361	0.002088427	ASD
345	0.127578813	2.65436746909632e-08	0	0.005422471	0	ASD
346	-0.802219173	2.29445704857598e-08	0	0.007699816	-0.010532804	ASD
347	0.992314465	-1.09E-10	0	0.007421709	-0.007569275	ASD
348	0.707357858	-7.41E-10	3.05623471881233e-05	0.004602599	0	ASD
349	0.063227495	-7.66E-10	0	0.00434713	0	ASD
350	-0.05336514	-1.41E-09	0	0.00039825	-0.000310717	ASD
351	0	-1.24E-09	0	7.71748838532196e-05	0	ASD
352	0	-1.09E-09	0	-1.03E-09	0	ASD
353	0	-9.67E-10	0	-1.03E-10	0	ASD
354	0	-8.63E-10	0	-1.03E-11	0	ASD
355	0	-7.74E-10	0	-1.03E-12	0	ASD
356	0	-6.98E-10	0	-1.03E-13	0	ASD
357	0	-6.33E-10	3.05623471881233e-05	-1.04E-14	0	ASD
358	-0.490984108	-6.07E-10	0	-1.03E-15	0	ASD
359	0	-3.15E-10	3.05623471881233e-05	-1.01E-16	0	ASD
360	0	-2.89E-10	0	-1.93E-18	0	ASD
361	0	-2.66E-10	0	7.96305688704428e-18	0	ASD
362	0	-2.46E-10	0	7.74275044896531e-18	0	ASD
363	0	-2.28E-10	0	1.05320219762371e-17	0	ASD
364	0	-2.09E-10	0	8.8806099835031e-18	0	ASD
365	0	-2.11E-10	0	9.52520701174747e-18	0	ASD
366	0	-1.96E-10	0	7.86707970302358e-18	0	ASD
367	0	-1.83E-10	0	6.47757398907621e-18	0	ASD
368	0	-1.71E-10	0	6.96789756814921e-18	0	ASD
369	0	-1.60E-10	0	6.56501327118467e-18	0	ASD
370	0	-1.50E-10	0	7.14270613338504e-18	0	ASD
371	0	-1.41E-10	0	7.0587475995257e-18	0	ASD
372	0	-1.32E-10	0	6.92921851529393e-18	0	ASD
373	0	-1.24E-10	0	7.05061837206432e-18	0	ASD
374	0	-1.17E-10	0	6.87632960366616e-18	0	ASD
375	0	-1.11E-10	0	6.6032195587987e-18	0	ASD
376	0	-1.05E-10	0	7.10696738538534e-18	0	ASD
377	0	-9.91E-11	0	9.831393284736e-18	0	ASD
378	0	-9.36E-11	0	8.51515732264999e-18	0	ASD
379	0	-9.39E-11	0	1.01332103880937e-17	0	ASD
380	0	-8.91E-11	0	6.01462156258962e-18	0	ASD
381	0	-8.46E-11	0	6.45623484535327e-18	0	ASD
382	0	-8.04E-11	0	6.84095979802475e-18	0	ASD
383	0	-7.64E-11	0	6.94779098717344e-18	0	ASD
384	0	-7.28E-11	0	7.37067584707227e-18	0	ASD
385	0	-6.94E-11	0	7.27648842171e-18	0	ASD
386	0	-6.62E-11	0	7.10218559086399e-18	0	ASD
387	0	-6.32E-11	0	6.82956431189916e-18	0	ASD
388	0	-6.04E-11	0	7.04954861977233e-18	0	ASD
389	0	-5.77E-11	0	7.0514616266981e-18	0	ASD
390	0	-5.52E-11	0	6.87420439011582e-18	0	ASD
391	0	-5.29E-11	0	6.89504570191138e-18	0	ASD
392	0	-5.07E-11	0	7.04872205444832e-18	0	ASD
393	0	-4.86E-11	0	7.20705000913205e-18	0	ASD
394	0	-4.66E-11	0	6.9382141970387e-18	0	ASD
395	0	-4.48E-11	0	7.15896277447496e-18	0	ASD
396	0	-4.30E-11	0	6.20994873392796e-18	0	ASD
397	0	-4.14E-11	0	6.85749500219638e-18	0	ASD
398	0	-3.98E-11	-3.06E-05	9.78591663726322e-18	0	ASD
399	0.048655257	-3.80E-11	0	8.53954408261051e-18	0	ASD
400	0	-6.66E-11	-3.06E-05	7.6443584377053e-18	0	ASD
401	0	-6.41E-11	0	8.39660206788148e-18	0	ASD
402	0	-6.18E-11	0	5.06890185486463e-18	0	ASD
403	0	-6.18E-11	0	6.98852384318043e-18	0	ASD
1	0	-2.81E-09	-1.70E-06	-3.82E-17	0	ASD_Cancer
2	1.153978351	-2.61E-09	0.000232047	-1.98E-08	0	ASD_Cancer
3	0.000224872	-2.77E-09	0.000232047	-1.21E-07	0.393829236	ASD_Cancer
4	-0.011256196	-2.81E-09	0	-9.60E-07	0.131277921	ASD_Cancer
5	-1.23648938	-2.08E-09	-3.96E-06	-2.87E-06	0.131276789	ASD_Cancer
6	0.18217158	7.69694326042914e-10	0.000930454	-9.98E-07	0.131276789	ASD_Cancer
7	1.57698836726339e-05	-1.81E-09	5.65969392241072e-07	-2.34E-06	0.393830556	ASD_Cancer
8	-0.038681142	-2.27E-09	5.65969392241072e-07	-4.31E-07	0.131277733	ASD_Cancer
9	-5.589968655	-2.08E-09	-5.66E-07	-3.81E-07	2.07522110537595e-06	ASD_Cancer
10	-5.074411244	6.60896888482628e-09	0.000235443	-1.79E-06	1.88656464125087e-06	ASD_Cancer
11	0.069498338	1.59166727437801e-07	1.13193878492623e-06	-1.79E-07	0	ASD_Cancer
12	5.026191804	8.01520475242421e-08	0	-1.79E-08	0	ASD_Cancer
13	5.288286397	9.46475865193917e-08	0	-1.79E-09	0	ASD_Cancer
14	5.375104153	1.12500233583805e-07	5.65969392241072e-07	-1.79E-10	0	ASD_Cancer
15	6.653415933	1.3806925043021e-07	0.055556122	-1.81E-11	0	ASD_Cancer
16	-31.05262542	-2.13E-07	-5.66E-07	-2.92E-12	0	ASD_Cancer
17	-0.253458736	-1.82E-07	5.65969392241072e-07	3.27833068672123e-13	0	ASD_Cancer
18	-0.253018978	-1.57E-07	0	3.89929234160906e-11	0	ASD_Cancer
19	0.000929356	-1.31E-07	0	3.82545685732458e-12	0	ASD_Cancer
20	0.254651867	-1.51E-07	0	3.85931815880767e-13	0	ASD_Cancer
21	0.211628277	-1.75E-07	-1.13E-06	6.39314669641353e-14	0.375306095	ASD_Cancer
22	0.000459042	-1.70E-07	0	-4.05E-06	0.375307321	ASD_Cancer
23	4.233997094	-2.00E-07	0.018285339	-2.05E-05	0.243950919	ASD_Cancer
24	0.000442324	-2.07E-07	4.52775513881676e-06	-1.61E-05	-0.394065811	ASD_Cancer
25	-21.08117237	-2.41E-07	-0.01851965	-0.000141361	-0.065677541	ASD_Cancer
26	19.24235143	-1.90E-07	0.018519084	-6.22E-05	5.6596939237526e-07	ASD_Cancer
27	-0.557781837	-1.86E-07	-2.83E-06	-1.67E-05	0	ASD_Cancer
28	24.03876104	2.53086241156441e-08	-3.40E-06	0.000218254	0	ASD_Cancer
29	-0.018553802	1.7884964427907e-08	5.65969392241072e-07	-0.000222255	1.88656464125087e-07	ASD_Cancer
30	1.67248846	2.16770390952027e-08	-5.66E-06	-0.000263345	0.006174915	ASD_Cancer
31	6.56862276517454e-05	-1.62E-07	1.69790817716731e-06	-2.48E-06	0.393830934	ASD_Cancer
32	-1.744356974	-1.93E-07	-1.13E-06	-3.66E-05	0.131276978	ASD_Cancer
33	7.731522395	1.25030297913771e-08	5.65969392241072e-07	-1.48E-06	0.035678314	ASD_Cancer
34	-70.82049608	-2.61E-07	-0.018753396	0.000666363	0.062588952	ASD_Cancer
35	24.59369149	-1.67E-10	-0.000230916	-0.001138284	0.131428092	ASD_Cancer
36	-55.35280674	-4.93E-08	-0.055787603	-0.003714125	0.00617284	ASD_Cancer
37	59.1815886	1.48622117781064e-09	-3.96E-06	-0.000351953	0.00308642	ASD_Cancer
38	4.551282309	-1.34E-09	-3.96E-06	-4.55E-05	2.26387756950104e-06	ASD_Cancer
39	9.520532135	3.08077955317844e-10	-0.000463529	-0.000138561	7.96130278607866e-05	ASD_Cancer
40	0.288076235	2.85609110309542e-10	0	-6.12E-08	0.000462963	ASD_Cancer
41	0.276642132	-3.51E-10	0	-6.14E-09	0	ASD_Cancer
42	0.036254151	-2.61E-09	0	-7.59E-10	0	ASD_Cancer
43	-0.186832036	-6.21E-09	1.69790817716731e-06	-1.09E-05	-0.393835461	ASD_Cancer
44	-1.032867125	-7.22E-09	-0.001159671	-9.61E-05	-0.13127811	ASD_Cancer
45	1.078144339	-3.03E-09	0	-1.36E-05	-0.131317256	ASD_Cancer
46	-6.502383898	-1.73E-09	0.000229218	-1.75E-05	0.056299711	ASD_Cancer
47	-6.284440067	-1.48E-09	2.26387756940838e-06	-7.64E-05	0.3380322	ASD_Cancer
48	-15.21826387	-9.16E-10	-0.019910803	-0.000753596	0.003582456	ASD_Cancer
49	1.943018624	-2.78E-09	-0.000233745	-9.65E-05	0.056339291	ASD_Cancer
50	-2.597194431	-2.23E-09	-0.00069784	-5.09E-05	0	ASD_Cancer
51	-0.003651802	-1.25E-09	-1.13E-06	-1.28E-05	7.75378067554107e-05	ASD_Cancer
52	-0.020467145	-1.43E-09	-0.000233179	-1.80E-06	-0.075163942	ASD_Cancer
53	0.166383624	-4.03E-10	-5.66E-07	-6.14E-07	-0.112606987	ASD_Cancer
54	-0.089578911	1.39747201365146e-09	0	-5.55E-07	-0.168899416	ASD_Cancer
55	0.045408141	2.30193317464727e-09	-1.70E-06	-1.98E-07	-0.168898473	ASD_Cancer
56	0.0376546	2.30403174029904e-09	0	-1.61E-07	-0.225199316	ASD_Cancer
57	17.65014884	2.72082607128115e-09	-5.66E-07	-1.17E-07	-0.112598667	ASD_Cancer
58	0.240886615	2.13652521258048e-09	-1.70E-06	-3.89E-08	-0.05629839	ASD_Cancer
59	-0.012696891	1.03788413928214e-09	-0.018515689	-5.04E-09	-0.225198184	ASD_Cancer
60	0.027420336	2.97937569399193e-09	-5.66E-07	-4.30E-09	-0.225196391	ASD_Cancer
61	-13.58640866	-2.42E-07	-0.018520216	-1.59E-09	-0.056298956	ASD_Cancer
62	-0.147166922	-1.71E-07	2.26387756940838e-06	8.3185105394853e-11	1.88656464125087e-07	ASD_Cancer
63	4.89355925	8.77631938943271e-09	1.69790817716731e-06	1.46910478406721e-11	-0.412353791	ASD_Cancer
64	5.981070513	1.32168660894731e-08	0.018519084	-3.44E-11	-0.41235398	ASD_Cancer
65	-3.383207425	3.11518090763776e-09	-0.018520782	4.04359664122044e-09	-0.137451421	ASD_Cancer
66	0.401194292	4.76149705950992e-09	-3.40E-06	-9.21E-06	0	ASD_Cancer
67	-17.15891103	-1.36E-09	-1.70E-06	0.003708021	0	ASD_Cancer
68	3.530891929	-4.34E-10	-5.66E-07	0.006651897	2.8298469618763e-07	ASD_Cancer
69	-3.805654125	-2.38E-09	-2.26E-06	0.008901105	5.6596939237526e-07	ASD_Cancer
70	10.64731838	2.20614643908166e-07	-2.26E-06	0.005072572	0	ASD_Cancer
71	-1.445873058	2.00387292073308e-07	5.65969392241072e-07	0.000918821	0.024854169	ASD_Cancer
72	0.168770065	2.05638873661767e-07	0.018519084	-0.000613229	0.012427084	ASD_Cancer
73	-0.000459054	1.73395189982938e-07	5.65969392241072e-07	-8.89E-05	0	ASD_Cancer
74	-0.019379486	1.68310882356061e-07	0	-9.23E-06	1.88656464125087e-07	ASD_Cancer
75	0.154632709	1.4396123447334e-07	0	-9.23E-07	0	ASD_Cancer
76	0.403335843	1.28159944687251e-07	0.000231481	-9.24E-08	0	ASD_Cancer
77	0.18604599	6.5712118794861e-10	0	-9.28E-09	0	ASD_Cancer
78	0.881774834	8.01940316588626e-10	0.000463529	-1.36E-09	0	ASD_Cancer
79	-0.479978672	-3.15E-08	-0.018519084	-1.76E-09	0.000231481	ASD_Cancer
80	0.383021098	7.43217789584858e-10	0	-1.75E-08	0.000231481	ASD_Cancer
81	-0.399805985	1.64401410264166e-10	-0.018285905	-2.03E-07	-0.065631056	ASD_Cancer
82	0	7.43480989636889e-10	0	-1.64E-07	-0.393832632	ASD_Cancer
83	1.155979124	1.77244070120744e-09	0	-1.54E-06	-0.066874132	ASD_Cancer
84	-1.888565124	-1.15E-09	-1.13E-06	-1.82E-06	0.18098739	ASD_Cancer
85	3.385888851	5.049329371233e-10	-2.26E-06	-6.42E-06	0.034329345	ASD_Cancer
86	3.456756907	1.89292822886267e-07	-5.66E-07	-5.44E-06	0	ASD_Cancer
87	10.5355106	1.90051000485691e-07	-1.13E-06	-3.83E-05	0	ASD_Cancer
88	11.56817708	2.05934268864938e-07	0	-5.96E-06	0	ASD_Cancer
89	5.064122071	2.08031413696997e-07	0.018517953	-3.34E-06	1.88656464125087e-07	ASD_Cancer
90	43.79943219	2.28298510856643e-07	-0.00023035	-0.000888339	0.013629279	ASD_Cancer
91	-0.170227012	1.92423195323038e-07	0	-8.31E-05	0	ASD_Cancer
92	0.060258129	1.92627424621902e-07	1.69790817716731e-06	-8.33E-06	0	ASD_Cancer
93	0.242377234	2.13415827345152e-07	0	-8.35E-07	0	ASD_Cancer
94	0.240698836	2.43597195920053e-07	5.65969392241072e-07	-8.38E-08	0	ASD_Cancer
95	46.10042049	2.95854293056201e-07	0.018517387	-9.58E-09	0	ASD_Cancer
96	46.1455106	2.68477674900331e-07	-0.000229218	-0.000829535	0	ASD_Cancer
97	0.372104122	2.06017908722239e-09	1.13193878492623e-06	-8.36E-05	0	ASD_Cancer
98	-0.416717974	-1.54E-08	1.13193878448214e-06	-1.38E-05	3.77312928250174e-07	ASD_Cancer
99	0	-1.32E-07	-0.018750566	-4.28E-05	1.13193878475052e-06	ASD_Cancer
100	3.628516837	-1.25E-08	2.26387756985247e-06	-0.000354777	3.77312928250174e-07	ASD_Cancer
101	-4.792843823	-1.90E-08	-0.037501132	-0.002143649	0	ASD_Cancer
102	0.256512596	-1.23E-08	0	-0.002149645	0.112519432	ASD_Cancer
103	0.148416599	-8.51E-08	-0.018286471	-0.013040181	0.300513334	ASD_Cancer
104	-0.218145826	-1.15E-08	0	-0.003566895	0.1001713	ASD_Cancer
105	-2.362596481	-1.86E-08	-1.70E-06	-0.002706026	7.77264632195357e-05	ASD_Cancer
106	0.000103041	-2.56E-09	3.96178574657569e-06	-0.000340863	0.288164825	ASD_Cancer
107	-4.267588281	-3.11E-08	0.001390587	-4.61E-05	0.100171489	ASD_Cancer
108	2.243245065	-1.71E-09	-1.13E-06	-1.61E-05	0.287699693	ASD_Cancer
109	0.432127955	-2.63E-09	0.000465793	-1.79E-06	0.093841404	ASD_Cancer
110	0.005078809	-6.63E-10	0.000461831	-9.31E-07	0.206207552	ASD_Cancer
111	-12.85349485	-2.96E-08	-0.037039867	-3.50E-06	0.193857911	ASD_Cancer
112	13.24356708	7.09507943504962e-09	-0.000237707	-3.20E-06	0.100016979	ASD_Cancer
113	0.000116472	4.59712498363657e-09	-0.018516821	-8.72E-06	-0.031395454	ASD_Cancer
114	0.66257441	6.05957071019426e-09	-1.70E-06	1.82601669347935e-05	-0.090596796	ASD_Cancer
115	0.674942359	5.20171665097558e-09	0	2.32020008065895e-06	0	ASD_Cancer
116	0.027800803	5.71370968455707e-09	0	4.28905706875225e-06	0	ASD_Cancer
117	-0.647141557	5.25762149030003e-09	0	4.00796968877121e-05	0	ASD_Cancer
118	-4.490800069	6.16037178183975e-09	-0.018521348	0.000392262	-0.058125226	ASD_Cancer
119	8.742932427	1.19007734783602e-08	-2.26E-06	-4.30E-05	-0.020589382	ASD_Cancer
120	2.553259995	5.53388181798371e-09	0.000231481	3.96839778552478e-05	0.062588631	ASD_Cancer
121	3.319048273	6.48852908785602e-09	-5.66E-07	0.000319546	0.07387191	ASD_Cancer
122	-4.810327295	7.69819057783692e-10	-5.66E-07	-0.000241138	0	ASD_Cancer
123	72.31194879	2.88315717276414e-07	0.018521914	-0.000400217	0.049222188	ASD_Cancer
124	-59.79924028	-1.94E-08	-0.018761319	-0.004924635	-0.020444714	ASD_Cancer
125	2.33575850875757e-05	-1.60E-08	1.13193878492623e-06	-0.00079879	-0.394069018	ASD_Cancer
126	0.323159748	-7.00E-09	-1.70E-06	-0.003131379	-0.106620899	ASD_Cancer
127	29.09810325	-2.55E-07	-0.01944784	-0.000988422	0.07247372	ASD_Cancer
128	1.363472958	-6.51E-10	1.13193878492623e-06	-0.000203064	0	ASD_Cancer
129	22.37272399	-6.37E-08	-0.111348818	-0.003215591	0	ASD_Cancer
130	-113.8501536	-8.99E-08	-0.055789301	-0.006676505	0.081510723	ASD_Cancer
131	23.70595436	-2.41E-08	-0.055560649	-0.024840104	0.036232379	ASD_Cancer
132	-4.854883559	-2.75E-08	-0.092594291	-0.146588973	0.042762478	ASD_Cancer
133	-43.58391194	-9.82E-09	0	-0.247196744	-0.156778068	ASD_Cancer
134	3.835225532	-2.09E-08	-0.037271348	-0.099553702	-0.077713352	ASD_Cancer
135	-22.08003687	-2.56E-07	-0.074074074	-0.113370849	-0.081417055	ASD_Cancer
136	11.09263175	1.24991254048246e-08	-0.018518519	-0.20718246	0.07524431	ASD_Cancer
137	-1.519763593	-7.41E-09	-0.037269084	-0.126459465	0.075244499	ASD_Cancer
138	-2.737898602	-1.80E-08	-2.26E-06	-0.048955162	0.046381324	ASD_Cancer
139	-1.796381077	-2.02E-07	0.018520782	-0.019112557	0.034574316	ASD_Cancer
140	1.357310916	3.55790217562236e-09	2.26387756896429e-06	-0.009112594	0.031410452	ASD_Cancer
141	-7.332602385	-1.28E-08	-0.000232047	-0.008572587	0.017611741	ASD_Cancer
142	0.026144745	-1.10E-08	0.018518519	-0.000882191	0.012346245	ASD_Cancer
143	0.044805929	-1.33E-08	1.13193878492623e-06	-0.000100083	0	ASD_Cancer
144	0.018329824	-7.46E-08	3.39581635433461e-06	-0.000126161	0	ASD_Cancer
145	0.090737605	-8.73E-08	0.000231481	-0.001171182	1.88656464125087e-07	ASD_Cancer
146	-0.00636162	3.84386367139754e-09	1.13193878492623e-06	-0.000427053	0	ASD_Cancer
147	0.300270772	1.79976114106318e-08	0	-0.000227976	0	ASD_Cancer
148	5.08821119	2.25558946076291e-08	0.000229784	-4.88E-05	0	ASD_Cancer
149	0.006582906	1.60633071594088e-08	5.65969392241072e-07	-3.41E-05	0	ASD_Cancer
150	0.024164013	1.7270122104233e-08	0.000694444	-0.000246881	0.018558797	ASD_Cancer
151	4.087704213	2.01857913997513e-08	-0.018520216	-0.002248251	0.015782949	ASD_Cancer
152	0.94034498	1.90966530676847e-08	-4.53E-06	-0.00408786	-0.023299583	ASD_Cancer
153	0.034102736	-8.41E-08	-0.018056122	-0.00260689	-0.000232708	ASD_Cancer
154	1.0693914	2.07463784664813e-08	-1.13E-06	-0.012888032	0.119819588	ASD_Cancer
155	21.96086691	2.54119928929676e-08	-0.018751698	-0.070950483	0.035246536	ASD_Cancer
156	-3.580851573	2.53337720216185e-08	-3.96E-06	-0.054608258	0.045034675	ASD_Cancer
157	0.022093744	-1.72E-08	-0.018288169	-0.009808743	0.119543866	ASD_Cancer
158	1.643419875	2.15628661341053e-08	-1.13E-06	-0.01232822	0.064537811	ASD_Cancer
159	0.75368182	-1.55E-08	-0.018751132	-0.002731907	0.03183908	ASD_Cancer
160	1.615192037	4.8065837677402e-08	0.018748868	-0.000821706	0	ASD_Cancer
161	1.53964533	3.96174275304529e-08	0	-8.24E-05	0	ASD_Cancer
162	-0.056666627	5.70904565755283e-11	5.65969392241072e-07	-8.65E-06	0	ASD_Cancer
163	-1.596559584	6.82593024567716e-09	0	-4.81E-06	0	ASD_Cancer
164	-1.539883395	9.07336030506016e-09	0	-3.98E-05	0	ASD_Cancer
165	12.50484009	1.21231528790885e-08	0.018747736	-0.000395566	0	ASD_Cancer
166	3.423356362	1.65235306146742e-08	-0.037039867	-0.000690171	0.008211914	ASD_Cancer
167	9.594886566	-2.25E-07	-0.018520216	-0.002606304	0	ASD_Cancer
168	7.111677977	2.92021618304304e-08	0.000232613	-1.11E-05	0	ASD_Cancer
169	0.057621577	6.84444132204032e-08	0.018523046	-6.80E-05	0	ASD_Cancer
170	10.21486436	2.79710116161025e-08	0.11157464	-0.000674578	0.083050443	ASD_Cancer
171	-250.9079376	-4.90E-09	0.018750566	-0.001398239	0.10774199	ASD_Cancer
172	192.1402686	2.86618734737819e-07	0.01851965	-0.003982666	0.050310378	ASD_Cancer
173	68.67221492	8.09167793288702e-07	0.074306687	-0.001347778	0.02801124	ASD_Cancer
174	-114.3346556	-3.80E-09	-2.26E-06	-0.008191334	0.00318305	ASD_Cancer
175	13.06579222	-2.96E-09	-1.70E-06	-0.022031332	0.003314446	ASD_Cancer
176	8.769488527	-4.08E-10	-1.13E-06	-0.01297011	0.01355459	ASD_Cancer
177	6.075690301	-5.60E-09	-0.018519084	-0.006363064	0.013905491	ASD_Cancer
178	-11.93451972	-8.15E-09	0	-0.006364824	0.008366461	ASD_Cancer
179	0.35848875	-9.65E-09	-2.26E-06	-0.00196097	0.006921655	ASD_Cancer
180	1.12254552	-1.02E-08	0	-0.000812246	0.010428929	ASD_Cancer
181	-1.367185787	-1.44E-08	-5.66E-06	-0.000338881	0.013905208	ASD_Cancer
182	-10.90822481	-1.24E-08	-0.000232613	-0.000217464	0.003476297	ASD_Cancer
183	0.314309772	-9.10E-09	-1.13E-06	-6.54E-05	0.006951896	ASD_Cancer
184	3.96707601264534e-05	-8.88E-09	0	-8.70E-07	-0.393600584	ASD_Cancer
185	-0.314303486	-1.23E-08	-0.000234311	-6.94E-06	-0.124170666	ASD_Cancer
186	-11.33026553	-1.71E-08	-1.13E-06	-1.83E-06	-0.387113254	ASD_Cancer
187	0.001215004	-1.62E-08	1.13193878492623e-06	1.00116171808884e-11	0	ASD_Cancer
188	-11.77833601	-1.78E-08	-5.66E-07	1.79335107985345e-12	0	ASD_Cancer
189	-11.74591216	-1.37E-08	0	9.47993692309901e-06	0	ASD_Cancer
190	-9.747038483	1.36020305686196e-07	0	0.000291652	0	ASD_Cancer
191	0.157051931	5.93780795956874e-09	5.65969392241072e-07	0.001925961	0	ASD_Cancer
192	29.7762932	1.69508009654855e-07	-1.13E-06	0.011907647	-0.131355082	ASD_Cancer
193	-28.75651624	7.40557368282112e-09	0	0.371194811	0.242086239	ASD_Cancer
194	-1.950856645	9.7615918686505e-09	0	0.016138303	-0.131354893	ASD_Cancer
195	-2.330042475	4.39827042177771e-09	0	0.016441063	-0.006874453	ASD_Cancer
196	0.862182408	7.2628613287341e-09	0	0.004867883	-0.006874264	ASD_Cancer
197	-6.22170573	1.48723292554376e-09	0	0.002833749	-0.131354704	ASD_Cancer
198	-1.89531109	7.71804363591789e-09	0	0.004004428	0	ASD_Cancer
199	-1.282221703	8.70781828558203e-09	5.65969392241072e-07	0.00131234	-0.331746921	ASD_Cancer
200	1.213932175	1.05508224499838e-08	-0.000231481	0.000652652	0.000232047	ASD_Cancer
201	0.014255733	8.94407726559961e-09	2.26387756940838e-06	0.000124575	0	ASD_Cancer
202	0.053115869	8.93872177090606e-09	1.69790817672322e-06	0.000598401	5.6596939237526e-07	ASD_Cancer
203	-0.192923186	9.19292499074057e-09	0	0.000107927	5.6596939237526e-07	ASD_Cancer
204	-0.034199548	7.78112187039388e-09	-5.66E-06	1.39237817198144e-05	0.000309397	ASD_Cancer
205	-0.138005025	7.73984280190584e-09	2.82984696209354e-06	3.70833130911373e-06	7.73491502912856e-05	ASD_Cancer
206	0.080413381	6.68141076151521e-09	-5.66E-07	1.31792115599116e-06	-0.124790025	ASD_Cancer
207	-0.023027292	2.68812369350166e-09	-0.00023035	4.39827078850076e-07	-0.124637214	ASD_Cancer
208	-0.000438681	2.4971060848158e-09	1.69790817716731e-06	3.90818375507478e-08	0	ASD_Cancer
209	0.022328245	4.66390163796526e-09	1.69790817716731e-06	3.56218115863055e-07	-0.39406732	ASD_Cancer
210	-0.03655818	5.4770551052147e-09	0.000234311	1.45069431134778e-05	-0.131355742	ASD_Cancer
211	0.051820779	5.66261641651291e-09	-0.000231481	3.64448992687745e-06	-0.052549919	ASD_Cancer
212	0	5.43544760640987e-09	0	-1.11E-06	0	ASD_Cancer
213	0.74247927	2.43823292350558e-09	-1.13E-06	-1.19E-05	0	ASD_Cancer
214	-0.022607995	2.38352414831645e-09	0	-1.26E-05	0	ASD_Cancer
215	1.742343022	1.201832933249e-09	-1.13E-06	-3.30E-05	5.6596939237526e-07	ASD_Cancer
216	-0.289316947	2.3019138125583e-09	5.65969392241072e-07	-9.08E-06	0	ASD_Cancer
217	-0.639093263	1.28841128342388e-09	0	-6.90E-05	0	ASD_Cancer
218	-4.484494884	1.29361993990093e-09	5.65969392241072e-07	-4.03E-05	0	ASD_Cancer
219	0.328861297	3.88568473794009e-08	0	-4.40E-05	0	ASD_Cancer
220	3.591962731	3.29445253200903e-07	0.018750566	2.152564902422e-06	1.88656464125087e-07	ASD_Cancer
221	0	2.75504908410566e-07	5.65969392241072e-07	4.13231203546886e-06	1.88656464125087e-07	ASD_Cancer
222	-1.654087853	3.22520567853175e-08	0	3.88498037067683e-05	0.006250283	ASD_Cancer
223	0.055274933	3.39831087571942e-08	0	8.11878759491508e-06	0	ASD_Cancer
224	0.055274933	3.39831087571942e-08	0	1.13264357642525e-05	0	ASD_Cancer
225	-0.002602461	8.99237962196341e-11	1.13193878448214e-06	3.08931388652358e-05	0	ASD_Cancer
226	0.167416816	5.44876098721673e-11	0	2.72557459210651e-06	-0.003282717	ASD_Cancer
227	0.412331032	-3.74E-09	1.13193878492623e-06	7.10439713006361e-06	0.243015372	ASD_Cancer
228	0.045913918	-3.26E-09	0	-7.44E-07	0	ASD_Cancer
229	-0.337665956	-6.86E-09	0	-7.72E-08	0	ASD_Cancer
230	-0.443550807	-1.18E-08	1.13193878492623e-06	5.59217754418664e-07	0	ASD_Cancer
231	-0.514457728	-1.52E-08	-0.01898035	2.92337707001349e-06	0	ASD_Cancer
232	-0.06005489	-1.89E-08	-0.018517953	2.31483831477451e-05	0	ASD_Cancer
233	0.001947609	5.74522844993793e-09	-0.000231481	5.68565734333284e-05	0.00617284	ASD_Cancer
234	0.00051549	5.88103344815278e-09	-0.00023035	7.88880884343376e-05	0.012345679	ASD_Cancer
235	0.001088476	6.38820274345589e-09	0	7.08559218768071e-05	0.124710412	ASD_Cancer
236	1.15740740740389e-05	5.46160038776642e-09	0	4.15897457026232e-05	0.393823576	ASD_Cancer
237	-0.000152587	6.44006741817448e-09	0	2.76394912511246e-05	0.018985443	ASD_Cancer
238	-0.022438735	7.62911784275649e-09	5.65969392241072e-07	0.000142311	0.001871178	ASD_Cancer
239	1.035000706	7.31190110360631e-09	-0.000925926	0.00018994	-1.41E-06	ASD_Cancer
240	8.996253152	6.81240523497592e-09	0	0.000359249	0.027141483	ASD_Cancer
241	-11.16222213	-1.30E-09	-0.037037037	0.000498628	-0.000827674	ASD_Cancer
242	3.106099152	6.93101183949418e-09	5.65969392241072e-07	0.000311386	0	ASD_Cancer
243	-6.967847284	1.41937460434988e-07	0	0.000253089	0	ASD_Cancer
244	6.16917927589146e-06	2.88005222777134e-07	0.018520216	8.52127920334015e-05	0	ASD_Cancer
245	-0.669199081	1.36017130801985e-07	0	0.000625236	-0.300218087	ASD_Cancer
246	3.705990955	3.78000756146328e-09	0.037039867	0.000842782	-0.041947274	ASD_Cancer
247	1.913992209	1.59759036838655e-07	0	0.004677436	-0.006097188	ASD_Cancer
248	2.016108969	6.22755403972483e-09	0.018520216	0.007109945	0	ASD_Cancer
249	9.078284136	1.79608573708571e-07	0	0.055084214	-0.059166987	ASD_Cancer
250	90.53958767	2.02618008892091e-07	0	0.056054487	-0.034904804	ASD_Cancer
251	-1.671881948	2.14047916733849e-07	-0.000229784	0.013463118	0	ASD_Cancer
252	138.8410386	3.28150068197792e-07	0.056020216	0.000538043	0.003125094	ASD_Cancer
253	4.427017594	2.37249905100836e-07	0	0.000309652	0.008167787	ASD_Cancer
254	-10.96698789	1.55154275473419e-09	-1.13E-06	4.37828140421793e-05	0.009378962	ASD_Cancer
255	4.927163777	2.7799174840879e-09	0	5.59887589418808e-05	0.024840302	ASD_Cancer
256	-10.05550529	2.77172564202644e-09	-1.13E-06	-0.000162634	0	ASD_Cancer
257	0.710229674	2.87127200617951e-09	-5.66E-07	-0.000113943	9.43282320625434e-08	ASD_Cancer
258	-1.802040923	2.28044368821454e-09	-2.26E-06	-6.50E-05	1.13193878475052e-07	ASD_Cancer
259	-0.641199407	2.41244866501533e-09	-3.96E-06	-4.75E-05	9.43282320625434e-08	ASD_Cancer
260	-0.049201844	1.95616698604436e-09	0.000228652	-7.51E-06	0	ASD_Cancer
261	-0.050514472	1.62065280818894e-09	0	-1.04E-07	0	ASD_Cancer
262	-0.050859148	1.36150961942898e-09	5.65969392241072e-07	-3.46E-08	0	ASD_Cancer
263	-0.000576742	1.61142909096707e-09	0	-3.65E-09	0	ASD_Cancer
264	0.050190358	4.75596698408889e-09	5.65969392241072e-07	-2.01E-09	0	ASD_Cancer
265	0.050529993	5.54491008390354e-09	0.000231481	-1.66E-08	0	ASD_Cancer
266	-0.183916652	2.18853818325249e-09	0	-1.34E-07	0	ASD_Cancer
267	0.054179038	2.65384326347167e-09	0.000692747	-1.49E-06	0	ASD_Cancer
268	-0.050046197	2.33867883311098e-09	-2.26E-06	-3.46E-06	9.43282320625434e-08	ASD_Cancer
269	0.030723556	4.46367331568024e-09	0.000228652	-1.02E-05	1.88656464125087e-07	ASD_Cancer
270	-0.050729574	4.41295181497739e-09	-1.13E-06	-7.59E-06	4.71641160312717e-07	ASD_Cancer
271	-0.540878487	5.29704896796730e-09	0.000232047	-3.37E-05	1.88656464125087e-07	ASD_Cancer
272	-1.866345558	3.99218360924497e-09	3.39581635433461e-06	-0.00011317	0	ASD_Cancer
273	-254.5101214	4.79078892155023e-09	0.000232047	-0.000554794	0	ASD_Cancer
274	249.0529864	2.68835322205494e-07	0.018981481	-3.22E-05	0.003086514	ASD_Cancer
275	-112.7214335	2.33753980256358e-10	0	6.57835730952741e-05	1.13193878475052e-07	ASD_Cancer
276	-3.473752632	1.76829675359834e-10	-0.000232613	0.000360397	0.00320499	ASD_Cancer
277	-63.97048334	1.59610383653353e-08	0.055788169	0.002466793	0.003398608	ASD_Cancer
278	-1.993625163	2.4292697671166e-09	5.65969392241072e-07	0.002792176	0.004055397	ASD_Cancer
279	4.200944893	7.33295298217351e-08	0.018517387	0.000518326	0.018760753	ASD_Cancer
280	3.562851287	1.54434819593457e-08	0	0.000305611	0.006253584	ASD_Cancer
281	-1.164674628	-3.50E-08	-0.018519084	0.000145291	0	ASD_Cancer
282	-0.028397741	4.83790242892732e-10	0	0.000482681	0	ASD_Cancer
283	-0.091852687	4.00687558301102e-10	0	8.56111053359582e-05	0	ASD_Cancer
284	-0.09185231	3.37003873239613e-10	0	1.33793607158244e-08	0	ASD_Cancer
285	-0.091851885	2.87186229875128e-10	0	1.17517935960368e-09	0	ASD_Cancer
286	-0.091852027	2.47674281095029e-10	0	1.11902272542099e-10	0	ASD_Cancer
287	-0.091852782	2.15694018147663e-10	0	1.06554564798153e-11	0	ASD_Cancer
288	-0.09185363	1.89462110713676e-10	0	1.01462851339325e-12	0	ASD_Cancer
289	-0.09185363	1.67783387172975e-10	0	9.66252777984414e-14	0	ASD_Cancer
290	-0.011448877	1.69419027065817e-10	0	9.21061939343089e-15	0	ASD_Cancer
291	0.0804044	3.79662109441388e-09	0	8.87193191230939e-16	0	ASD_Cancer
292	0.091853135	4.23988304076753e-09	0	9.0883361609842e-17	0	ASD_Cancer
293	0.091852687	4.76730627738987e-09	0	1.52772073624525e-17	0	ASD_Cancer
294	0.09185231	5.39962797250267e-09	-5.66E-07	1.02235606704369e-17	0	ASD_Cancer
295	0.000879335	5.38913952265879e-09	0	9.32672498396556e-18	0	ASD_Cancer
296	0.091852027	6.17081406518961e-09	-5.66E-07	9.77833730833118e-18	0	ASD_Cancer
297	0.091852782	7.10862394694297e-09	0	-3.44E-18	0	ASD_Cancer
298	0.091853536	8.27764735494016e-09	0	2.64750262222756e-13	0	ASD_Cancer
299	5.55978755456019e-05	8.24572794609233e-09	5.65969392241072e-07	1.94245424594907e-12	0	ASD_Cancer
300	0.030131144	9.756245767078e-09	-5.66E-07	2.14381499923474e-11	0	ASD_Cancer
301	0.329586069	1.62113216807026e-08	-5.66E-07	4.84320069571561e-09	1.69790817712578e-06	ASD_Cancer
302	-0.061520386	1.77298406044525e-08	-5.66E-07	1.55384735906401e-05	3.39581635425156e-06	ASD_Cancer
303	-1.162558408	1.16517729505897e-08	-2.83E-06	0.000128993	3.39581635425156e-06	ASD_Cancer
304	-1.171689911	1.92683814509887e-08	-1.70E-06	0.000399048	5.09372453137734e-07	ASD_Cancer
305	2.799138458	1.77889609788472e-08	-5.66E-07	0.002034386	-8.00E-05	ASD_Cancer
306	9.057418456	1.60545165571566e-08	0	0.000207246	0	ASD_Cancer
307	-0.235527741	-1.09E-08	-0.018517953	0.000892213	0	ASD_Cancer
308	3.119329199	6.07855887979213e-09	0	0.001023116	0.125102818	ASD_Cancer
309	3.114699994	5.18181719695631e-09	0	0.00077413	0.375308453	ASD_Cancer
310	3.114699994	4.46979449649941e-09	0	1.30495297124514e-06	0	ASD_Cancer
311	0	-1.24E-07	0	1.84609940262035e-09	0	ASD_Cancer
312	-3.114699994	-1.43E-07	0	-1.08E-10	0	ASD_Cancer
313	-3.114699994	-1.66E-07	0	1.17194465833289e-07	0	ASD_Cancer
314	-4.058349477	-1.95E-07	-0.018517953	0.000714317	0	ASD_Cancer
315	16.43937516	7.17100518733433e-09	0	0.002468663	0.00617284	ASD_Cancer
316	-29.15188613	3.9883877649366e-09	-0.055555556	0.004698899	0.003046142	ASD_Cancer
317	10.43084368	8.10824442280139e-09	0	0.007003229	0.024988454	ASD_Cancer
318	-9.280902574	1.71005444271643e-08	-5.66E-07	0.005429771	-0.001266677	ASD_Cancer
319	-0.222770695	1.22501293151273e-08	-5.66E-07	0.005923158	-3.98E-05	ASD_Cancer
320	-14.29768309	3.25068217005633e-09	-5.66E-07	0.002896964	-7.97E-05	ASD_Cancer
321	-1.668409059	8.13043366529667e-09	-1.13E-06	0.000568547	0	ASD_Cancer
322	0.00814644	6.66906176300958e-09	0	0.000623648	0	ASD_Cancer
323	0.000132536	6.19867315663396e-09	5.65969392241072e-07	-1.72E-07	0	ASD_Cancer
324	-0.008300595	2.87987966292183e-09	0	-1.75E-06	0	ASD_Cancer
325	-16.96233822	3.56408041111717e-09	2.82984696209354e-06	6.69585039157347e-05	2.8298469618763e-07	ASD_Cancer
326	3.523172078	1.0313382116801e-08	0.00093102	4.81039939652485e-06	7.03688611186574e-06	ASD_Cancer
327	-0.001654145	8.04781473298481e-09	0	-1.16E-05	3.96178574662682e-06	ASD_Cancer
328	0.004179523	5.26119625220579e-09	0.000232047	-6.22E-05	1.98089287331341e-06	ASD_Cancer
329	-0.089475168	4.31386222620248e-09	0	-1.24E-05	0	ASD_Cancer
330	-0.088804352	3.6197985319353e-09	5.65969392241072e-07	5.55816562910021e-08	0	ASD_Cancer
331	-0.083881234	3.12760215940905e-09	1.69790817716731e-06	-2.66E-10	0	ASD_Cancer
332	-0.024328491	3.31120008072606e-09	0	-2.73E-11	0	ASD_Cancer
333	0.059485778	1.03689105201011e-08	0.000231481	-8.28E-12	0	ASD_Cancer
334	-0.072582985	8.15332932134374e-09	1.13193878492623e-06	-5.61E-11	0	ASD_Cancer
335	0.086842626	9.52601307229839e-09	0.000463529	9.97172871722255e-09	0	ASD_Cancer
336	-0.267456203	7.28339287608937e-09	0.000233745	4.86955372520837e-08	4.71641160312717e-07	ASD_Cancer
337	0.213139788	8.50307930287003e-09	0.000228086	4.70062743714336e-07	0.003305582	ASD_Cancer
338	0.000670991	7.11062913972128e-09	2.82984696209354e-06	7.05542369013809e-08	9.43282320625434e-08	ASD_Cancer
339	0.011241218	7.60470260485866e-09	-2.83E-06	1.16553634943232e-06	0.393831122	ASD_Cancer
340	0.000105979	5.78212681581107e-09	5.65969392241072e-07	1.10534533005199e-06	0.393833763	ASD_Cancer
341	0.11564531	6.94455397020851e-09	0.000232047	8.23588398780146e-06	0.131239247	ASD_Cancer
342	0.345652922	7.2854251664139e-09	0	0.001043877	1.88656464125087e-07	ASD_Cancer
343	-3.063799658	7.53362509192407e-09	5.65969392241072e-07	0.001795025	1.88656464125087e-07	ASD_Cancer
344	0.85639777	1.2223340779599e-08	0	0.005855862	0.000655959	ASD_Cancer
345	-1.15268596	9.1687503211773e-09	0	0.011676927	0	ASD_Cancer
346	-0.514797387	8.03929659887008e-09	0	0.016181691	-0.002046904	ASD_Cancer
347	1.403616894	7.73561845401069e-09	0	0.01484707	-0.00137474	ASD_Cancer
348	-0.048587025	-6.09E-09	5.65969392241072e-07	0.007775852	0	ASD_Cancer
349	-0.914326309	9.79887805968517e-09	0	0.009483756	0	ASD_Cancer
350	-0.026733302	1.07234733071092e-08	0	0.000805707	0.022833752	ASD_Cancer
351	0	9.33915846068091e-09	0	0.000156359	0	ASD_Cancer
352	0	8.19964037784165e-09	0	-1.52E-09	0	ASD_Cancer
353	0	7.25087381757135e-09	0	-1.52E-10	0	ASD_Cancer
354	0	6.45289860819664e-09	0	-1.52E-11	0	ASD_Cancer
355	0	5.77566055872942e-09	0	-1.53E-12	0	ASD_Cancer
356	0	5.19620929213794e-09	0	-1.53E-13	0	ASD_Cancer
357	0	4.69677819819056e-09	5.65969392241072e-07	-1.53E-14	0	ASD_Cancer
358	-0.009092298	4.26285826231917e-09	0	-1.53E-15	0	ASD_Cancer
359	0	3.88906440750947e-09	5.65969392241072e-07	-1.49E-16	0	ASD_Cancer
360	0	3.55667374862139e-09	0	-5.36E-18	0	ASD_Cancer
361	0	3.26340821344708e-09	0	8.71737380179255e-18	0	ASD_Cancer
362	0	3.00344119580766e-09	0	7.8600772024852e-18	0	ASD_Cancer
363	0	2.77198578003404e-09	0	1.01800322382383e-17	0	ASD_Cancer
364	0	2.54167583018468e-09	0	9.34795195303122e-18	0	ASD_Cancer
365	0	2.56447625841035e-09	0	9.94705952435595e-18	0	ASD_Cancer
366	0	2.37780555366481e-09	0	8.09374060178017e-18	0	ASD_Cancer
367	0	2.20983196495893e-09	0	7.07438983020415e-18	0	ASD_Cancer
368	0	2.0581793651114e-09	0	7.44551130135606e-18	0	ASD_Cancer
369	0	1.92083492187923e-09	0	7.57024585994983e-18	0	ASD_Cancer
370	0	1.79608464579773e-09	0	7.35133352390845e-18	0	ASD_Cancer
371	0	1.68246186939476e-09	0	6.89965424240002e-18	0	ASD_Cancer
372	0	1.57870577899191e-09	0	7.36643906912274e-18	0	ASD_Cancer
373	0	1.48372782087642e-09	0	7.33533343715179e-18	0	ASD_Cancer
374	0	1.39658432056131e-09	0	6.91820743194493e-18	0	ASD_Cancer
375	0	1.31645403707639e-09	0	7.29336642309305e-18	0	ASD_Cancer
376	0	1.2426196630504e-09	0	7.70941748612073e-18	0	ASD_Cancer
377	0	1.17445249818513e-09	0	9.49153636612345e-18	0	ASD_Cancer
378	0	1.10710372188967e-09	0	8.7970215398804e-18	0	ASD_Cancer
379	0	1.1112273713232e-09	0	9.4961569110192e-18	0	ASD_Cancer
380	0	1.05249693587773e-09	0	7.32366853207917e-18	0	ASD_Cancer
381	0	9.9800899848164e-10	0	7.44503678867701e-18	0	ASD_Cancer
382	0	9.47374000984645e-10	0	7.55535335872076e-18	0	ASD_Cancer
383	0	9.00245646082219e-10	0	7.47646345975822e-18	0	ASD_Cancer
384	0	8.56315286650662e-10	0	7.54469130677449e-18	0	ASD_Cancer
385	0	8.15307143643023e-10	0	7.43042224557421e-18	0	ASD_Cancer
386	0	7.769742159093e-10	0	6.81150555723352e-18	0	ASD_Cancer
387	0	7.41094769875065e-10	0	7.18639644571805e-18	0	ASD_Cancer
388	0	7.07469317327912e-10	0	7.57892360779662e-18	0	ASD_Cancer
389	0	6.7591800540401e-10	0	7.1731755535071e-18	0	ASD_Cancer
390	0	6.46278355755526e-10	0	7.30452129024319e-18	0	ASD_Cancer
391	0	6.184033007149e-10	0	7.63943401045724e-18	0	ASD_Cancer
392	0	5.92159472776182e-10	0	7.61888901878194e-18	0	ASD_Cancer
393	0	5.67425710747398e-10	0	7.10316380661232e-18	0	ASD_Cancer
394	0	5.44091751904577e-10	0	7.16216392290674e-18	0	ASD_Cancer
395	0	5.22057084133352e-10	0	7.07523165370766e-18	0	ASD_Cancer
396	0	5.01229936170826e-10	0	7.05151595703778e-18	0	ASD_Cancer
397	0	4.81526387326506e-10	0	7.67348706748212e-18	0	ASD_Cancer
398	0	4.6286958078521e-10	-5.66E-07	9.53654431289866e-18	0	ASD_Cancer
399	0.000901023	4.45019738982001e-10	0	9.12458547566146e-18	0	ASD_Cancer
400	0	4.44620882334421e-10	-5.66E-07	8.1958621375033e-18	0	ASD_Cancer
401	0	4.27791444243097e-10	0	9.50732833404179e-18	0	ASD_Cancer
402	0	4.11783053049777e-10	0	5.87222747927272e-18	0	ASD_Cancer
403	0	4.11783053049777e-10	0	7.35027438121252e-18	0	ASD_Cancer