residue	Effectiveness	Sensitivity	MSF	DFI	Stiffness
1	1.77882143	2.64847162	0.22277441	0.00062999	10.76123601
2	2.81486012	1.96782201	0.14525935	0.00099639	11.87413044
3	3.2397748	1.80480692	0.1175164	0.00114667	12.51249961
4	2.49387401	2.31280502	0.14590639	0.00088287	11.54524589
5	2.73575381	2.08055763	0.12641867	0.00096842	11.35896838
6	4.02937292	1.4735683	0.08604456	0.00142592	13.10045139
7	3.58436658	1.70246862	0.08591149	0.00126854	12.98773555
8	2.98610809	2.01590126	0.12786578	0.00105696	12.67023993
9	4.02565777	1.49081383	0.09680893	0.00142461	13.41626087
10	5.12709756	1.1976923	0.06962074	0.00181415	14.53284777
11	3.77820867	1.63337367	0.09449835	0.0013371	13.77695146
12	3.9444227	1.55868077	0.09032956	0.00139588	13.49727982
13	5.82656171	1.0540319	0.05806401	0.00206153	14.76907993
14	5.57114105	1.06669312	0.06935334	0.00197119	14.34714364
15	6.35860272	0.94232708	0.07133454	0.00224969	14.97505558
16	6.67352099	0.80238411	0.09612208	0.00236106	14.91438896
17	4.89042685	1.11358893	0.11732166	0.00173045	13.63762584
18	3.91247548	1.0445793	0.16898309	0.00138458	11.04495137
19	3.40127114	0.89911546	0.19054519	0.00120379	10.90842272
20	3.98510235	0.93991964	0.15329324	0.00141027	11.7277387
21	5.81849877	0.74791201	0.10475293	0.00205867	13.31530077
22	6.00354731	0.92659751	0.0859989	0.00212412	14.06730153
23	8.26387081	0.64839025	0.0674199	0.00292351	15.1943686
24	9.14776079	0.63249227	0.05894569	0.00323611	15.79950073
25	11.53877122	0.4286663	0.06019521	0.00408173	16.25608829
26	9.58017252	0.51502122	0.06563767	0.00338904	15.81969536
27	8.26957138	0.51835374	0.07651719	0.00292553	14.95944765
28	8.57099116	0.55038905	0.0740503	0.00303213	15.14344457
29	6.64739809	0.68622874	0.09816768	0.00235183	14.71930668
30	5.54026605	0.74123264	0.11705479	0.00196027	13.08010139
31	7.39713171	0.53370264	0.08891105	0.00261698	14.50491148
32	11.10671987	0.33165915	0.07267275	0.00392893	16.1259823
33	12.78889736	0.23212969	0.06421475	0.00452385	16.28945655
34	17.19935577	0.20709728	0.05365002	0.00608368	16.50187445
35	16.44879216	0.24474481	0.05375488	0.00581823	16.37430124
36	13.00012386	0.37877532	0.0589707	0.00459856	16.06612505
37	10.38479647	0.38931258	0.05731825	0.00367361	15.94853745
38	8.01991942	0.40323461	0.0668536	0.00283724	15.64452684
39	5.58133609	0.71340867	0.07572279	0.0019748	14.26935603
40	3.92571679	0.96354312	0.09416905	0.00138927	12.52097532
41	2.81701042	1.39093691	0.15105516	0.00099716	10.80465241
42	2.59264499	1.71075305	0.15140627	0.00091781	10.36078827
43	3.64877879	1.3203924	0.11155763	0.00129132	11.90809222
44	4.38194783	1.05513217	0.09174347	0.00155062	13.04603374
45	3.37834596	1.4872926	0.10483832	0.00119568	11.74133478
46	3.81924808	1.44116069	0.0943557	0.00135161	12.33605186
47	5.71917145	0.93239739	0.06798966	0.00202355	14.00591838
48	7.4735383	0.63135506	0.0718257	0.002644	15.08852148
49	5.64623991	0.6917344	0.07667952	0.00199775	13.98893759
50	5.68758677	0.48014744	0.07911164	0.00201238	14.52670685
51	4.38333538	0.50190578	0.09288055	0.00155111	13.21134009
52	5.5788322	0.46431205	0.0883188	0.00197391	13.62613683
53	6.70298948	0.28877117	0.07165123	0.00237149	15.53350555
54	4.73626283	0.26784393	0.0942408	0.00167593	14.36901841
55	3.92146936	0.31306991	0.10515004	0.00138776	13.12064981
56	5.2640669	0.29737546	0.09096478	0.00186259	14.38671766
57	5.50727501	0.22525531	0.08618118	0.00194861	14.70218863
58	4.36112239	0.29255247	0.1004362	0.00154325	12.82369014
59	3.78396211	0.36013976	0.13868044	0.00133913	12.73282437
60	4.75388029	0.42028267	0.1194429	0.00168216	12.99889928
61	5.79974837	0.40148745	0.09447322	0.00205204	13.52340942
62	5.22900862	0.4432322	0.1060218	0.00185019	12.75816687
63	6.57270026	0.57477012	0.09943237	0.00232541	12.30597168
64	7.23272381	0.54071276	0.08639145	0.00255883	13.50199603
65	10.37922966	0.31252992	0.07003295	0.00367164	14.78620777
66	14.34717737	0.27607329	0.07234767	0.00507496	15.37362269
67	14.66029124	0.15715558	0.07222523	0.0051857	16.23701588
68	19.73398432	0.11682973	0.06099897	0.00698008	16.30211979
69	14.29621275	0.16179241	0.06457001	0.00505694	15.83481246
70	18.38578568	0.12801778	0.05743047	0.00650327	15.65383129
71	10.9021572	0.3253486	0.0692698	0.00385658	14.43410379
72	7.76378734	0.51383883	0.09413639	0.00274665	13.15267453
73	5.48903527	0.78386642	0.11496745	0.00194215	12.60848528
74	5.62795062	0.73198247	0.10706375	0.00199128	13.21979398
75	5.42707079	0.70325799	0.09601301	0.00192024	13.5123431
76	4.86231984	0.72425693	0.10621222	0.00172051	13.41344379
77	4.09379806	0.82944069	0.12716948	0.00144871	12.34347465
78	5.19407327	0.62733185	0.11892312	0.00183784	13.07277691
79	4.06533785	0.78032216	0.15316822	0.00143864	11.66769912
80	4.56199594	0.54141302	0.11193181	0.00161429	12.35195067
81	6.361983	0.37775501	0.08040798	0.00225089	13.30086827
82	5.667328	0.59262267	0.10544065	0.00200521	12.32434626
83	5.47509199	0.70219608	0.12766933	0.00193722	11.86769313
84	8.65111358	0.49521849	0.10270912	0.00306047	13.33959639
85	9.98099247	0.3753462	0.08252815	0.0035308	14.68735653
86	11.41425594	0.37036939	0.08394191	0.00403769	14.33421399
87	11.32337368	0.3392309	0.09207356	0.00400555	14.49755469
88	16.90263797	0.21063216	0.07209222	0.00597874	14.79975922
89	13.66252459	0.26630155	0.07405286	0.00483283	14.38255302
90	15.70390743	0.23077721	0.07202381	0.00555479	14.91702399
91	11.27018423	0.39877158	0.08849355	0.00398674	14.69264858
92	10.77913091	0.46734185	0.07923749	0.00381307	14.77396816
93	11.58760099	0.4636614	0.07315398	0.004099	15.5155946
94	18.20783889	0.26236012	0.06599884	0.00644034	15.80128284
95	32.357699	0.07599702	0.05118175	0.01144464	16.31204213
96	31.26775423	0.05088469	0.05685429	0.01105916	15.9762716
97	25.76320542	0.11885784	0.06671582	0.0091124	15.64762912
98	28.25400481	0.09454345	0.07051988	0.00999331	15.8153109
99	14.68957077	0.28357294	0.08576792	0.00519605	14.74485721
100	18.79136239	0.20382287	0.093112	0.00664671	15.29538509
101	23.53116649	0.13996657	0.06391763	0.00832301	15.89437333
102	11.90215591	0.38114756	0.06850909	0.00421025	14.63240742
103	9.44380725	0.49601867	0.11211623	0.00334082	13.78849304
104	16.31920799	0.26324051	0.06990212	0.0057724	15.33532793
105	13.08340768	0.35828312	0.06766939	0.00462801	15.70575449
106	7.36009883	0.67069816	0.09327924	0.00260388	13.89346175
107	8.61390042	0.58028848	0.10110698	0.00304731	13.58723423
108	11.85257593	0.40580781	0.06446515	0.00419271	15.14826157
109	7.00368429	0.71189247	0.08517852	0.00247783	14.0483362
110	5.11843917	0.95988519	0.12167672	0.00181109	12.94073316
111	7.17692555	0.7239436	0.08718528	0.0025391	13.79253156
112	6.67158207	0.73002747	0.0812029	0.00236038	14.0653914
113	4.10243188	1.17952763	0.11807403	0.00145176	12.4046929
114	3.46414992	1.31479671	0.15150291	0.00122603	11.51194145
115	3.42665905	1.23999937	0.13938546	0.00121277	10.99029834
116	3.49067066	1.23664467	0.1387056	0.0012354	11.09303723
117	4.39456022	0.89563541	0.1057214	0.00155508	12.12763876
118	6.58817419	0.65126088	0.08654183	0.00233088	13.39361372
119	9.149662	0.38349545	0.06372148	0.00323679	14.85780455
120	13.9109793	0.21564	0.06494902	0.00492069	16.02590245
121	12.48965662	0.10819168	0.06696524	0.00441802	16.51109835
122	15.31685659	0.06049182	0.05182664	0.0054179	16.63121104
123	18.26289917	0.1071553	0.0541485	0.00645981	16.53858248
124	17.01552406	0.20618513	0.05349732	0.00601866	15.89514725
125	10.45291589	0.46752636	0.06545357	0.0036977	15.57048526
126	10.78173355	0.52928252	0.06989956	0.00381399	16.08963106
127	17.53311864	0.29619705	0.05965754	0.00620172	16.35293052
128	14.2863725	0.39379909	0.05589081	0.00505346	16.4127645
129	17.7819361	0.2979922	0.05347273	0.00628971	16.56059629
130	30.13823571	0.11482808	0.04782672	0.01065969	16.64545769
131	30.43148945	0.08945699	0.05261172	0.01076341	16.78697914
132	24.16902388	0.18576047	0.04929785	0.0085486	16.70077249
133	35.84977747	0.08269517	0.0513454	0.01267966	16.85438571
134	37.16227102	0.04659485	0.05043258	0.01314384	16.78948647
135	23.46515434	0.16250316	0.05143859	0.00829966	16.71056061
136	16.95444875	0.2811845	0.04748973	0.00599706	16.66921595
137	19.63157148	0.21752706	0.0528424	0.00694386	16.47324275
138	13.95352506	0.33029472	0.05731058	0.00493574	16.30796249
139	9.07258746	0.54632062	0.06013301	0.00320953	15.66675222
140	7.90172576	0.62230514	0.0633778	0.00279544	14.73211798
141	7.68822051	0.64690074	0.06535292	0.00271993	14.57012928
142	5.49103448	0.92233341	0.09211417	0.00194286	14.31781727
143	4.29402508	1.16561332	0.09919388	0.00151952	13.09335649
144	4.46978027	1.12060766	0.10610485	0.00158168	13.43929702
145	4.64591321	1.08618298	0.07524389	0.00164397	13.33001512
146	4.05480037	1.21618392	0.08838783	0.00143492	12.89528463
147	5.12011488	0.96645182	0.07344167	0.00181168	13.75858464
148	8.29064182	0.59827731	0.06285423	0.00293298	15.05130474
149	6.23120511	0.84899189	0.08411882	0.00220463	14.25284145
150	4.93407661	1.07179767	0.08605483	0.00174589	13.70755716
151	7.56539602	0.69643443	0.06188252	0.00267649	14.94987794
152	8.89602267	0.60643569	0.05437597	0.00314708	14.96112206
153	5.40910935	1.01945421	0.08033343	0.00191389	13.85953923
154	5.49098509	0.99659302	0.08085915	0.00194284	14.00676843
155	8.59559028	0.63718519	0.05547262	0.00304083	15.58234446
156	6.50547875	0.87516427	0.06261501	0.00230163	14.70765975
157	4.48692115	1.25452192	0.08349892	0.00158774	13.17259101
158	5.61775246	0.99510152	0.07579525	0.00198768	14.21100155
159	7.64763239	0.73991605	0.05338633	0.00270557	14.99966115
160	5.28822837	1.11053386	0.07328219	0.00187114	14.20544853
161	3.55607853	1.66751444	0.10061448	0.00125854	12.99527488
162	3.29980334	1.78456862	0.10061448	0.0011679	12.0302439
163	4.16359763	1.38853991	0.07865373	0.0014734	12.83202209
164	5.26232461	1.12824731	0.07299399	0.00186198	14.54981534
165	8.47628173	0.68876902	0.05363907	0.00299864	16.02515205
166	12.19562006	0.46534104	0.05527078	0.00431403	16.49025565
167	7.96897002	0.71611413	0.06586131	0.00281922	15.3538788
168	10.33973535	0.53191801	0.05470574	0.00365767	15.53248725
169	12.05158938	0.45108685	0.05796502	0.0042631	15.81533517
170	21.08479478	0.21707386	0.05471013	0.00745782	16.28328885
171	26.41551161	0.15514721	0.05517555	0.0093431	16.48747245
172	18.76054477	0.26124598	0.05574226	0.00663581	16.08038947
173	23.47555542	0.1652575	0.05943438	0.00830334	16.48755609
174	31.19890975	0.0521485	0.04992757	0.01103482	16.54754791
175	23.56093219	0.16156535	0.04734942	0.00833354	16.38777479
176	15.13586168	0.27926462	0.05781821	0.00535389	16.52849303
177	18.74151066	0.16648242	0.06471834	0.00662908	16.47641114
178	16.61752774	0.23475225	0.05762156	0.0058779	16.04256799
179	9.7601086	0.46023189	0.05640707	0.00345268	15.51842188
180	8.52719241	0.50259647	0.07584935	0.00301664	15.30670406
181	8.4852093	0.53816861	0.08774923	0.00300179	15.16082033
182	6.27470011	0.76914656	0.07608723	0.00222002	14.20080491
183	4.74256596	1.0094397	0.0939254	0.00167816	13.78103362
184	4.47997053	1.05979672	0.1402442	0.00158528	13.59518616
185	3.99620782	1.19077276	0.14214537	0.0014142	11.95064002
186	5.33207242	0.89654536	0.12883997	0.00188664	13.24814221
187	5.77005769	0.85819584	0.15614009	0.00204154	12.63407815
188	9.00787792	0.54175247	0.08959789	0.00318664	13.7328321
189	7.97273549	0.65588289	0.11194742	0.00282055	13.09672152
190	9.62444482	0.5172373	0.09620354	0.0034047	13.20442835
191	11.37585012	0.43607341	0.07682875	0.00402411	13.51409004
192	9.49341848	0.50049195	0.08395755	0.00335836	13.1812373
193	10.24617065	0.34568231	0.06297117	0.00362458	14.24973222
194	7.4118748	0.40371309	0.07204072	0.00262219	14.29785615
195	7.43703944	0.34330767	0.06406073	0.00263109	15.36596983
196	5.91348808	0.43391758	0.07848278	0.00209227	14.04841315
197	6.77516152	0.5212875	0.07483453	0.00239701	14.74035157
198	8.23168744	0.58778876	0.0698391	0.00291213	15.60825296
199	7.02559252	0.8166009	0.07486702	0.00248558	15.03848548
200	5.54809825	1.14699844	0.06923622	0.00196304	15.00782639
201	4.52036945	1.38122729	0.08090001	0.00159957	13.65016098
202	3.3986223	1.89937267	0.08061571	0.00120285	13.85726387
203	2.92937071	2.22373232	0.07574484	0.00103689	13.8626215
204	2.86306389	2.27118949	0.06811063	0.00101344	15.04760764
205	2.11367842	3.02707479	0.08835715	0.00074841	13.69066753
206	2.03130443	3.10811561	0.08255237	0.00071928	12.68638232
207	1.58932828	3.89213408	0.11269817	0.00056297	11.54146362
208	1.33753792	4.50311688	0.2115313	0.00047392	10.93436598
209	1.63054675	3.85100539	0.12608869	0.00057755	11.9284568
210	1.97394604	3.22183659	0.10974574	0.00069899	12.56896555
211	2.29885198	2.76851342	0.08188021	0.0008139	13.48511328
212	2.30904839	2.67995548	0.08956704	0.00081751	13.1874479
213	3.10856841	1.9818642	0.06733259	0.00110027	14.29809739
214	3.29330542	1.77835053	0.07290874	0.0011656	14.03271794
215	4.49180658	1.26210717	0.06944227	0.00158947	14.6610845
216	4.91566744	1.09575189	0.08478999	0.00173938	14.18818333
217	6.69955008	0.72881859	0.06793474	0.00237027	14.73008915
218	7.01753283	0.66947239	0.08133218	0.00248273	13.63804781
219	8.46005756	0.51988369	0.07591361	0.0029929	13.6493928
220	9.05554593	0.48719519	0.09298428	0.0032035	13.85851836
221	5.78113237	0.79316116	0.12823158	0.00204546	13.09013814
222	4.61546928	1.03392421	0.12989444	0.00163321	12.21413179
223	4.29974552	1.13943682	0.10416567	0.00152155	11.87208935
224	4.4644459	1.0588495	0.09607756	0.00157979	12.573061
225	4.230858	1.15100084	0.10128238	0.00149718	13.13276891
226	3.52486598	1.48386545	0.09517233	0.0012475	12.90039103
227	3.36269405	1.58411853	0.08613574	0.00119014	13.08666326
228	2.55647839	2.13165844	0.11833358	0.00090501	12.16892095
229	2.42443957	2.37836208	0.09940887	0.00085832	12.87514393
230	2.66842871	2.22429935	0.08500672	0.00094461	13.2309658
231	3.40731089	1.71346519	0.07436452	0.00120592	13.36407508
232	3.4045111	1.55328326	0.09294453	0.00120493	13.07284504
233	3.36764525	1.6177728	0.12235609	0.0011919	12.44780751
234	3.11673334	1.90874604	0.10277476	0.00110316	12.38483158
235	2.90158137	1.94155969	0.16606901	0.00102707	11.88234938
236	2.38874792	2.46072807	0.16461538	0.00084569	11.69936246
237	2.83877622	2.21856442	0.13520553	0.00100485	12.36387288
238	3.82875832	1.62112619	0.10980966	0.00135497	13.1332818
239	4.20198817	1.48488089	0.07371472	0.00148697	13.74506965
240	5.03039649	1.1067792	0.08082546	0.00177995	13.75860601
241	5.16685619	1.00491183	0.07029098	0.00182821	14.03898897
242	4.86703418	0.86502268	0.07913548	0.00172218	13.2901891
243	4.49944298	0.89536701	0.09073407	0.00159217	13.26223624
244	3.30890077	1.19575685	0.14140063	0.00117112	12.23519968
245	3.58132016	0.99203241	0.12919133	0.00126746	11.81918076
246	4.88958186	0.65545587	0.09109348	0.00173015	13.04130795
247	5.44646085	0.67480049	0.08502799	0.0019271	13.7096954
248	6.26266013	0.64574296	0.0846376	0.00221576	13.57274722
249	8.91339161	0.4302414	0.06522112	0.00315323	14.59747273
250	10.98052122	0.39065002	0.07719721	0.0038843	13.7255531
251	15.98957786	0.24845615	0.0653802	0.00565582	14.57909351
252	18.95555503	0.1572027	0.06139936	0.00670478	15.20491114
253	15.05255155	0.23504802	0.06754217	0.00532443	15.91148491
254	12.85314749	0.3615282	0.06945181	0.00454658	15.85312404
255	9.6326317	0.54612238	0.07734434	0.0034076	15.9673828
256	6.49751744	0.88499226	0.07341477	0.00229882	15.11638507
257	4.86718002	1.24322186	0.07803646	0.00172223	15.39878074
258	3.31892467	1.81030147	0.07689546	0.00117466	14.15001655
259	2.54035699	2.40701363	0.07232865	0.00089931	13.18026858
260	2.03257909	2.930983	0.08264275	0.00071973	11.98511728
261	1.59351249	3.72404771	0.10330015	0.00056445	11.34015605
262	1.30787062	4.41859932	0.15268758	0.00046343	10.98117413
263	1.02115899	5.06297046	0.23690718	0.00036203	10.29167239
264	1.15278812	4.49500291	0.208785	0.00040858	9.85111307
265	1.30065135	3.99147201	0.18639629	0.00046087	9.32501719
266	1.53398671	3.41257394	0.14050019	0.0005434	10.62134946
267	2.10787092	2.75040613	0.1042714	0.00074636	11.75526903
268	2.36972357	2.51608296	0.10437443	0.00083897	12.51741407
269	3.3065107	1.82518965	0.08761678	0.00117027	13.78836288
270	3.72443943	1.68306293	0.06478447	0.00131808	14.98187302
271	5.43064804	1.14554496	0.07338026	0.00192151	15.3142649
272	8.23001473	0.72523809	0.0651974	0.00291154	15.42536023
273	13.994645	0.39071814	0.05648127	0.00495028	16.03434113
274	22.60550758	0.17564636	0.05256712	0.00799564	16.36983887
275	21.21245679	0.07738806	0.06042084	0.00750297	16.53271098
276	20.18641363	0.06386541	0.06275597	0.00714009	16.24029262
277	18.16478569	0.12994141	0.06945404	0.00642511	16.0777502
278	17.84349181	0.21119941	0.07117568	0.00631148	15.46388307
279	13.91153601	0.16559126	0.06731844	0.00492089	15.95987217
280	10.10813934	0.1482452	0.06270269	0.00357577	15.83606018
281	8.95196402	0.29197959	0.0689917	0.00316687	14.66420978
282	6.50804075	0.45027847	0.07857903	0.00230254	14.0101664
283	5.14106107	0.7386997	0.11148974	0.00181909	14.03865189
284	3.95309108	0.90923392	0.17118859	0.00139895	12.6028281
285	4.71918258	0.8234079	0.19178061	0.00166989	12.69781739
286	4.79628364	0.92894565	0.19178061	0.00169715	13.18236981
287	3.27932634	1.35952841	0.20489006	0.00116066	12.15816273
288	2.42331759	1.82821658	0.19388706	0.00085792	10.07595952
289	1.7514225	2.14983187	0.23257536	0.0006203	9.45162825
290	1.70445178	2.44428392	0.30343663	0.00060368	9.40372142
291	1.12679621	2.79007939	0.31267386	0.00039939	8.63104705
292	1.11018583	2.96477288	0.36234841	0.00039351	8.58364901
293	1.46252789	2.71528103	0.31176628	0.00051812	9.30746774
294	1.91981664	2.2960191	0.29409233	0.00067985	10.1181298
295	2.10625183	2.06229724	0.30776881	0.00074579	10.36041996
296	2.97144903	1.46988589	0.19719126	0.00105177	11.91467603
297	3.50574093	1.24587107	0.14512534	0.00124073	12.15966896
298	3.7095876	1.14476258	0.17699137	0.00131283	11.77921721
299	5.38201345	0.82740784	0.14727021	0.00190431	13.28404409
300	7.39589669	0.51323934	0.08033771	0.00261654	14.719241
301	5.37975312	0.67052729	0.09614818	0.00190351	13.45518505
302	4.98761422	0.78128718	0.12115246	0.00176482	12.03075474
303	7.78571655	0.47745834	0.0844693	0.00275441	14.35066582
304	6.9410037	0.3540315	0.0711616	0.00245566	13.71669502
305	5.10302532	0.45490587	0.08710758	0.00180564	13.07271604
306	3.96975346	0.41776842	0.10043456	0.00140484	13.17205231
307	3.57955911	0.43614082	0.11819677	0.00126684	12.76542591
308	2.26707536	0.44849391	0.13391291	0.00080266	11.8355956
309	2.52718901	0.44665081	0.17571092	0.00089466	11.92299251
310	1.28315725	0.56410677	0.22068373	0.00045469	9.67649812
311	1.08492418	0.48626223	0.24996906	0.00038458	10.18493988
312	1.36188409	0.45772666	0.19523688	0.00048253	10.59973155
313	2.60509273	0.37308126	0.15705583	0.00092221	12.06007832
314	3.34121934	0.34320519	0.10776737	0.00118255	12.86072325
315	4.19952196	0.25693359	0.07771842	0.0014861	14.22543322
316	5.46694316	0.21773147	0.07141763	0.00193434	14.57926122
317	6.80554714	0.25452733	0.06691315	0.00240776	14.46067612
318	10.23901948	0.248339	0.05955045	0.00362205	15.60251463
319	9.65818686	0.47024413	0.07719451	0.00341663	14.64334019
320	10.21650141	0.54030871	0.07074182	0.00361409	15.59858099
321	6.43943043	0.91938528	0.07316524	0.00227828	14.47614146
322	5.05577087	1.19908789	0.06568871	0.00178892	14.5319615
323	5.47790965	1.07184948	0.07299023	0.00193822	14.1620222
324	9.03536034	0.63503913	0.06232523	0.00319636	15.52933841
325	8.24663167	0.7204819	0.05926841	0.00291742	15.35455041
326	7.831053	0.74720092	0.05947238	0.00277044	15.23020927
327	4.99746144	1.2162693	0.07861385	0.0017683	14.9215199
328	4.44240223	1.3965402	0.05912897	0.001572	15.10632474
329	4.50446453	1.31686595	0.07220081	0.00159395	14.27604251
330	3.43457434	1.7005241	0.0734244	0.00121557	13.8824123
331	2.7069205	2.20825226	0.09075597	0.00095822	12.9947375
332	2.31774062	2.52824776	0.10303024	0.00082058	12.08779078
333	1.77810975	3.24761468	0.14297894	0.00062973	10.97122694
334	2.10490946	2.90033489	0.08837805	0.00074531	12.23855926
335	1.86071111	3.2909063	0.11410613	0.00065895	11.84541651
336	2.35724641	2.68180902	0.07938068	0.00083455	13.35618523
337	2.86434699	2.21813179	0.0692063	0.0010139	13.69756258
338	2.59405008	2.41936269	0.08102838	0.0009183	12.91508853
339	2.71564845	2.24375759	0.08364455	0.00096131	12.00816342
340	3.14420749	1.91494991	0.11620093	0.00111287	11.95484271
341	4.0116067	1.56513158	0.073916	0.00141964	13.98853037
342	5.85544625	1.04865606	0.06911266	0.00207174	14.69747038
343	8.37243734	0.73283044	0.07067805	0.00296191	15.74773636
344	9.80540957	0.50868754	0.07789972	0.0034687	15.33878125
345	10.88842621	0.30762998	0.06827608	0.00385173	15.70625013
346	7.2432453	0.25510066	0.06169278	0.00256256	15.34536566
347	6.66992435	0.20607765	0.06185589	0.00235979	15.07373671
348	6.96159653	0.2849369	0.07340662	0.00246295	13.99696727
349	9.17382694	0.42559771	0.08813929	0.00324533	13.85638949
350	6.67645875	0.66273214	0.10468836	0.0023621	12.27131887
351	5.49940457	0.89580785	0.15335087	0.00194582	12.13793658
352	4.36222479	0.94387063	0.20918595	0.00154364	10.51916076
353	4.16638527	1.19740179	0.22055664	0.00147438	11.14039225
354	2.51185283	1.6601833	0.30043889	0.00088923	8.80934127
355	2.42529587	1.86824441	0.28003706	0.00085862	8.86655977
356	1.89085599	2.39756837	0.36686665	0.00066961	8.48918029
357	1.56514451	2.42122598	0.35198033	0.00055442	7.45594161
358	0.8519628	3.11242023	0.43118217	0.00030219	6.38502757
359	0.75625073	3.27530471	0.47002566	0.00026834	6.65456477
360	0.58207804	2.94000288	0.50191892	0.00020674	5.85697402
361	0.25216313	3.06902193	0.53865511	0.00009006	5.41677126
362	0.1976611	2.94521812	0.56798444	0.00007079	5.81401885
363	0.19276974	2.78526034	0.59397126	0.00006906	5.9210078
364	0.45905558	2.15364722	0.61741669	0.00016323	6.84072527
365	0.25031302	2.38004661	0.63649507	0.00008941	6.18945065
366	0.65988876	2.01171646	0.65145165	0.00023426	6.66221628
367	0.88939495	2.08971433	0.66698712	0.00031543	7.25283781
368	0.36705429	2.42983111	0.67178894	0.00013069	6.48644736
369	1.24803528	2.09494485	0.67208489	0.00044227	7.90703018
370	0.72052734	2.65734221	0.71655388	0.0002557	6.9633481
371	0.9009396	2.58163903	0.65853552	0.00031951	6.99661659
372	1.47839999	2.55008215	0.65012964	0.00052374	7.83671922
373	1.2919536	2.61746911	0.6813186	0.0004578	7.5402785
374	2.17101551	2.14525277	0.62923699	0.00076869	9.27574772
375	1.85979522	2.41785548	0.61294538	0.00065862	8.07570019
376	1.75508912	2.49285364	0.59250601	0.00062159	8.22179159
377	2.39691159	2.19151804	0.56292248	0.00084858	9.40512558
378	2.08149257	2.33909327	0.5329168	0.00073703	8.57656848
379	2.86030882	1.83080071	0.49959253	0.00101247	9.7563491
380	2.35216824	2.25098049	0.460251	0.00083276	9.19505332
381	2.81910344	1.8984556	0.41962657	0.0009979	9.72330057
382	2.47321209	2.22659508	0.37993842	0.00087557	9.40540557
383	2.92331028	1.98352767	0.30890295	0.00103475	10.37761837
384	3.77652928	1.56261958	0.26411035	0.0013365	12.72649217
385	2.98258873	1.99800134	0.22434731	0.00105571	11.97782895
386	2.92785008	2.02062947	0.23972316	0.00103636	12.69869876
387	2.12470111	2.69475114	0.20706173	0.00075231	10.6334706
388	2.02018308	2.83849836	0.22910185	0.00071535	10.83191516
389	1.8389146	3.10640023	0.31152329	0.00065124	10.84077294
390	1.32418843	3.77906406	0.30669887	0.0004692	9.6304278
391	0.6045782	4.47182787	0.42989939	0.0002147	7.80934533
392	0.43269424	3.12164407	0.49066615	0.00015391	7.52566705
393	0.2605289	4.35992915	0.55169106	0.00009302	7.33617854
394	0.15304084	3.79132305	0.62492302	0.000055	6.1131913
395	0.05751005	4.38726435	0.69174974	0.00002122	5.95036706
396	0.12217837	29.20382287	0.75994936	0.00004409	5.2649057
397	0.06995075	37.5211221	0.82944732	0.00002562	5.26632341
398	0.04608383	117.3201089	0.8986596	0.00001718	4.58388896
399	0.03381479	153.7610906	0.96850061	0.00001284	4.27787423
400	0.01935101	288.2757539	1.0394075	0.00000772	3.76725964
401	0.01502163	379.938114	1.1191174	0.00000619	3.62260337
402	0.00898664	562.2164631	1.21445425	0.00000406	3.19855837
403	0.00518816	798.9646853	1.33874037	0.00000271	2.56897856
