"Disease"	"Site"	"Effectiveness"	"Sensitivity"	"MSF"	"DFI"	"Stiffness"
"1"	"ASD"	126	0.0148993	0.0059492	0.06909236	0.00489498	17.57094984
"2"	"ASD"	34	0.0056722	0.00147787	0.04903078	0.00229725	18.73446041
"3"	"ASD"	39	0.01473816	0.01147389	0.07568515	0.00484961	15.64226167
"4"	"ASD"	79	0.00676262	0.01694767	0.14229378	0.00260423	13.53402796
"5"	"ASD"	130	0.00799511	0.00263525	0.04374055	0.00295122	18.72717374
"6"	"ASD"	130	0.00799511	0.00263525	0.04374055	0.00295122	18.72717374
"7"	"ASD"	130	0.00799511	0.00263525	0.04374055	0.00295122	18.72717374
"8"	"ASD"	14	0.00857434	0.00833583	0.06857368	0.00311429	15.27493039
"9"	"ASD"	159	0.00994883	0.00419229	0.04875739	0.00350126	17.53348395
"10"	"ASD"	15	0.00740357	0.00644878	0.06523	0.00278468	15.46721653
"11"	"ASD"	15	0.00740357	0.00644878	0.06523	0.00278468	15.46721653
"12"	"ASD"	173	0.00679141	0.00235196	0.05835505	0.00261234	18.41512779
"13"	"ASD"	173	0.00679141	0.00235196	0.05835505	0.00261234	18.41512779
"14"	"ASD"	335	0.00592685	0.01770408	0.11409912	0.00236894	13.47524178
"15"	"ASD"	335	0.00592685	0.01770408	0.11409912	0.00236894	13.47524178
"16"	"ASD"	12	0.00539123	0.00883915	0.09020653	0.00221814	14.37886224
"17"	"ASD"	276	0.00537966	0.00153381	0.05731937	0.00221488	18.61090236
"18"	"ASD"	48	0.01429174	0.01051516	0.06758853	0.00472393	15.64744218
"19"	"ASD"	107	0.00430065	0.00231768	0.09151642	0.00191111	16.90342642
"20"	"ASD"	107	0.00430065	0.00231768	0.09151642	0.00191111	16.90342642
"21"	"ASD"	162	0.0027162	0.01252137	0.09618561	0.00146503	13.36007142
"22"	"ASD"	22	0.006694	0.01236107	0.10946759	0.00258492	14.36559925
"23"	"ASD"	24	0.01133656	0.00653617	0.06244885	0.00389195	16.70392149
"24"	"ASD"	252	0.00571925	0.00174145	0.05473655	0.00231049	18.50445792
"25"	"ASD"	252	0.00571925	0.00174145	0.05473655	0.00231049	18.50445792
"26"	"ASD"	326	0.00540108	0.00291756	0.05768502	0.00222092	17.09464768
"27"	"ASD"	326	0.00540108	0.00291756	0.05768502	0.00222092	17.09464768
"28"	"ASD"	92	0.00789157	0.00387744	0.07653734	0.00292207	16.93158346
"29"	"ASD"	105	0.00569816	0.00154746	0.06169304	0.00230455	18.59974642
"30"	"ASD"	136	0.00751622	0.00197981	0.04111944	0.0028164	18.97673294
"31"	"ASD"	211	0.0174045	0.01371054	0.0763447	0.00560028	15.17489996
"32"	"ASD"	171	0.00832102	0.00312646	0.0492443	0.00304298	18.49975283
"33"	"ASD"	17	0.0079233	0.00681775	0.07823633	0.002931	16.15244974
"34"	"ASD"	298	0.00281842	0.00747149	0.10403529	0.00149381	13.3214905
"35"	"ASD"	150	0.00897314	0.00576276	0.07130123	0.00322657	16.68936583
"36"	"ASD"	150	0.00897314	0.00576276	0.07130123	0.00322657	16.68936583
"37"	"ASD"	157	0.01154635	0.0068705	0.06161889	0.00395101	16.46786482
"38"	"ASD"	157	0.01154635	0.0068705	0.06161889	0.00395101	16.46786482
"39"	"ASD"	288	0.00169429	0.00416153	0.0702191	0.00117733	14.56885995
"40"	"ASD"	43	0.00318833	0.0216363	0.15033565	0.00159795	12.4426906
"41"	"ASD"	127	0.00986706	0.00325304	0.05807093	0.00347824	18.2811328
"42"	"ASD"	129	0.01003121	0.00362581	0.05272248	0.00352445	18.20086613
"43"	"ASD"	129	0.01003121	0.00362581	0.05272248	0.00352445	18.20086613
"44"	"ASD"	132	0.0089177	0.00210759	0.04393012	0.00321096	19.06767581
"45"	"ASD"	132	0.0089177	0.00210759	0.04393012	0.00321096	19.06767581
"46"	"ASD"	165	0.01072248	0.0046459	0.05150944	0.00371907	17.91298666
"47"	"ASD"	36	0.01421553	0.00453197	0.05408332	0.00470248	18.39128789
"48"	"ASD"	44	0.00208898	0.02172506	0.24950995	0.00128845	12.21282359
"49"	"ASD"	118	0.006738	0.00637722	0.0720987	0.0025973	15.18998152
"50"	"ASD"	123	0.00838642	0.00190674	0.05189865	0.00306139	18.93380948
"51"	"ASD"	141	0.00537296	0.00251205	0.05208037	0.002213	17.25590539
"52"	"ASD"	61	0.00837691	0.00921844	0.09813602	0.00305871	15.22998215
"53"	"ASD"	61	0.00837691	0.00921844	0.09813602	0.00305871	15.22998215
"54"	"ASD"	93	0.0054551	0.00343729	0.0744728	0.00223612	16.74240729
"55"	"ASD"	93	0.0054551	0.00343729	0.0744728	0.00223612	16.74240729
"56"	"ASD"	93	0.0054551	0.00343729	0.0744728	0.00223612	16.74240729
"57"	"ASD"	101	0.00593083	0.00155191	0.04446374	0.00237006	19.03529239
"58"	"ASD"	101	0.00593083	0.00155191	0.04446374	0.00237006	19.03529239
"59"	"ASD"	122	0.00452062	0.0010244	0.04810346	0.00197304	19.04573453
"60"	"ASD"	135	0.00532696	0.0011714	0.04863086	0.00220005	19.21087403
"61"	"ASD"	135	0.00532696	0.0011714	0.04863086	0.00220005	19.21087403
"62"	"ASD"	50	0.01573516	0.01128827	0.07681968	0.0051303	15.87909388
"63"	"ASD"	139	0.00728143	0.0022729	0.0510933	0.0027503	18.36863869
"64"	"ASD"	182	0.00557962	0.0024089	0.05642058	0.00227118	17.35016896
"65"	"ASD"	220	0.00553884	0.00207831	0.05251131	0.0022597	17.91725899
"66"	"ASD"	23	0.00992132	0.00841367	0.07330378	0.00349351	15.87921754
"67"	"ASD"	23	0.00992132	0.00841367	0.07330378	0.00349351	15.87921754
"68"	"ASD"	247	0.00349006	0.0024148	0.07877852	0.0016829	15.77844458
"69"	"ASD"	25	0.0116202	0.00382901	0.05590867	0.0039718	18.18823543
"70"	"ASD"	316	0.00523381	0.00304344	0.0541439	0.00217382	16.44569706
"71"	"ASD"	320	0.00481113	0.00198125	0.08072791	0.00205482	17.51788164
"72"	"ASD"	70	0.00679187	0.00227294	0.04620001	0.00261247	18.45893945
"73"	"ASD"	125	0.01144928	0.00569717	0.05544829	0.00392368	17.32780855
"74"	"ASD"	128	0.01069708	0.0039675	0.05434018	0.00371191	18.02118152
"75"	"ASD"	12	0.00539123	0.00883915	0.09020653	0.00221814	14.37886224
"76"	"ASD"	13	0.0046821	0.01117167	0.0847077	0.0020185	13.95669404
"77"	"ASD"	164	0.00572757	0.00674879	0.07499025	0.00231283	15.95011483
"78"	"ASD"	254	0.00581964	0.00166086	0.06203922	0.00233875	18.35835316
"79"	"ASD"	267	0.00843824	0.02103685	0.09914432	0.00307598	13.38386853
"80"	"ASD"	6	0.00321558	0.01135351	0.10573535	0.00160562	13.92417077
"81"	"ASD"	134	0.00604277	0.00137479	0.04409699	0.00240157	19.29697139
"82"	"ASD"	134	0.00604277	0.00137479	0.04409699	0.00240157	19.29697139
"83"	"ASD"	134	0.00604277	0.00137479	0.04409699	0.00240157	19.29697139
"84"	"ASD"	1	0.0028318	0.0080427	0.10524346	0.00149758	14.48701212
"85"	"ASD"	1	0.0028318	0.0080427	0.10524346	0.00149758	14.48701212
"86"	"ASD"	239	0.01013408	0.00739374	0.07063089	0.00355341	15.57618561
"87"	"ASD"	239	0.01013408	0.00739374	0.07063089	0.00355341	15.57618561
"88"	"ASD"	270	0.01469763	0.00709631	0.06630113	0.0048382	16.85957742
"89"	"ASD"	270	0.01469763	0.00709631	0.06630113	0.0048382	16.85957742
"90"	"ASD"	35	0.01016548	0.00264066	0.04779623	0.00356225	18.64369548
"91"	"ASD"	200	0.00923318	0.0042146	0.0697525	0.00329978	17.03425045
"92"	"ASD"	206	0.01365881	0.0161124	0.07712398	0.00454574	14.30458654
"93"	"ASD"	241	0.00665921	0.00392389	0.0661813	0.00257512	15.97750375
"94"	"ASD"	241	0.00665921	0.00392389	0.0661813	0.00257512	15.97750375
"95"	"ASD"	241	0.00665921	0.00392389	0.0661813	0.00257512	15.97750375
"96"	"ASD"	204	0.01882321	0.00866235	0.06442172	0.00599969	16.97459457
"97"	"ASD"	246	0.00377181	0.0035707	0.08509287	0.00176222	15.02093004
"98"	"ASD"	354	0.0011495	0.00590096	0.16214985	0.00102395	12.50808142
"99"	"ASD"	38	0.01906149	0.00730722	0.05863863	0.00606677	17.59641925
"100"	"ASD"	89	0.00576079	0.00263012	0.04600897	0.00232218	17.56799376
"101"	"ASD"	95	0.00840327	0.00264765	0.04522995	0.00306613	18.79586148
"102"	"ASD"	96	0.007186	0.00216757	0.04737781	0.00272343	18.87901775
"103"	"ASD"	170	0.00636428	0.0027108	0.04753626	0.00249209	18.18539436
"104"	"ASD"	170	0.00636428	0.0027108	0.04753626	0.00249209	18.18539436
"105"	"ASD"	170	0.00636428	0.0027108	0.04753626	0.00249209	18.18539436
"106"	"ASD"	294	0.0022595	0.00738041	0.09920378	0.00133646	13.68712322
"107"	"ASD"	305	0.00364356	0.00286935	0.05419605	0.00172611	16.16295323
"108"	"ASD"	131	0.00640935	0.00172866	0.04498388	0.00250478	19.10762362
"109"	"ASD"	131	0.00640935	0.00172866	0.04498388	0.00250478	19.10762362
"110"	"ASD"	160	0.01088969	0.00715308	0.07544031	0.00376614	16.2549223
"111"	"ASD"	167	0.00565014	0.00484843	0.06287233	0.00229103	16.9648775
"112"	"ASD"	202	0.01269582	0.00992393	0.07916235	0.00427463	15.52444288
"113"	"ASD"	26	0.008802	0.00307508	0.05782151	0.00317839	17.7922937
"114"	"ASD"	277	0.00455682	0.00144742	0.06022202	0.00198323	18.37783837
"115"	"ASD"	78	0.00969149	0.01158475	0.10170244	0.00342881	14.60341236
"116"	"ASD"	111	0.00490283	0.00468177	0.08121985	0.00208064	15.50877713
"117"	"ASD"	274	0.00572789	0.00183362	0.04631889	0.00231292	18.475431
"118"	"ASD"	155	0.0112477	0.00328135	0.04582867	0.00386693	18.66872034
"119"	"ASD"	155	0.0112477	0.00328135	0.04582867	0.00386693	18.66872034
"120"	"ASD"	155	0.0112477	0.00328135	0.04582867	0.00386693	18.66872034
"121"	"ASD"	176	0.0084927	0.00231162	0.04795869	0.00309131	18.88911776
"122"	"ASD"	177	0.00733171	0.00185067	0.05328909	0.00276445	18.98269584
"123"	"ASD"	188	0.00416725	0.00169706	0.0526368	0.00187355	17.5373641
"124"	"ASD"	27	0.00757139	0.00265661	0.06739939	0.00283193	17.39932644
"125"	"ASD"	65	0.00948224	0.00546862	0.05962534	0.0033699	16.49983867
"126"	"ASD"	68	0.00670638	0.00167506	0.05837634	0.0025884	18.65198673
"127"	"ASD"	68	0.00670638	0.00167506	0.05837634	0.0025884	18.65198673
"128"	"ASD"	68	0.00670638	0.00167506	0.05837634	0.0025884	18.65198673
"129"	"ASD"	68	0.00670638	0.00167506	0.05837634	0.0025884	18.65198673
"130"	"ASD"	88	0.00488203	0.00202125	0.05160761	0.00207479	17.8283859
"131"	"ASD"	133	0.00840784	0.00213556	0.04273121	0.00306742	19.27390501
"132"	"ASD"	217	0.00517325	0.00211709	0.0569039	0.00215677	17.27083041
"133"	"ASD"	255	0.00518263	0.00150558	0.07054508	0.00215941	18.26573037
"134"	"ASD"	343	0.00574477	0.00218854	0.07205212	0.00231767	17.56198856
"135"	"ASD_Cancer"	34	0.0056722	0.00147787	0.04903078	0.00229725	18.73446041
"136"	"ASD_Cancer"	14	0.00857434	0.00833583	0.06857368	0.00311429	15.27493039
"137"	"ASD_Cancer"	15	0.00740357	0.00644878	0.06523	0.00278468	15.46721653
"138"	"ASD_Cancer"	173	0.00679141	0.00235196	0.05835505	0.00261234	18.41512779
"139"	"ASD_Cancer"	252	0.00571925	0.00174145	0.05473655	0.00231049	18.50445792
"140"	"ASD_Cancer"	92	0.00789157	0.00387744	0.07653734	0.00292207	16.93158346
"141"	"ASD_Cancer"	150	0.00897314	0.00576276	0.07130123	0.00322657	16.68936583
"142"	"ASD_Cancer"	129	0.01003121	0.00362581	0.05272248	0.00352445	18.20086613
"143"	"ASD_Cancer"	132	0.0089177	0.00210759	0.04393012	0.00321096	19.06767581
"144"	"ASD_Cancer"	132	0.0089177	0.00210759	0.04393012	0.00321096	19.06767581
"145"	"ASD_Cancer"	165	0.01072248	0.0046459	0.05150944	0.00371907	17.91298666
"146"	"ASD_Cancer"	36	0.01421553	0.00453197	0.05408332	0.00470248	18.39128789
"147"	"ASD_Cancer"	61	0.00837691	0.00921844	0.09813602	0.00305871	15.22998215
"148"	"ASD_Cancer"	61	0.00837691	0.00921844	0.09813602	0.00305871	15.22998215
"149"	"ASD_Cancer"	93	0.0054551	0.00343729	0.0744728	0.00223612	16.74240729
"150"	"ASD_Cancer"	101	0.00593083	0.00155191	0.04446374	0.00237006	19.03529239
"151"	"ASD_Cancer"	135	0.00532696	0.0011714	0.04863086	0.00220005	19.21087403
"152"	"ASD_Cancer"	139	0.00728143	0.0022729	0.0510933	0.0027503	18.36863869
"153"	"ASD_Cancer"	247	0.00349006	0.0024148	0.07877852	0.0016829	15.77844458
"154"	"ASD_Cancer"	316	0.00523381	0.00304344	0.0541439	0.00217382	16.44569706
"155"	"ASD_Cancer"	125	0.01144928	0.00569717	0.05544829	0.00392368	17.32780855
"156"	"ASD_Cancer"	13	0.0046821	0.01117167	0.0847077	0.0020185	13.95669404
"157"	"ASD_Cancer"	134	0.00604277	0.00137479	0.04409699	0.00240157	19.29697139
"158"	"ASD_Cancer"	134	0.00604277	0.00137479	0.04409699	0.00240157	19.29697139
"159"	"ASD_Cancer"	241	0.00665921	0.00392389	0.0661813	0.00257512	15.97750375
"160"	"ASD_Cancer"	89	0.00576079	0.00263012	0.04600897	0.00232218	17.56799376
"161"	"ASD_Cancer"	131	0.00640935	0.00172866	0.04498388	0.00250478	19.10762362
"162"	"ASD_Cancer"	131	0.00640935	0.00172866	0.04498388	0.00250478	19.10762362
"163"	"ASD_Cancer"	167	0.00565014	0.00484843	0.06287233	0.00229103	16.9648775
"164"	"ASD_Cancer"	26	0.008802	0.00307508	0.05782151	0.00317839	17.7922937
"165"	"ASD_Cancer"	277	0.00455682	0.00144742	0.06022202	0.00198323	18.37783837
"166"	"ASD_Cancer"	111	0.00490283	0.00468177	0.08121985	0.00208064	15.50877713
"167"	"ASD_Cancer"	155	0.0112477	0.00328135	0.04582867	0.00386693	18.66872034
"168"	"ASD_Cancer"	155	0.0112477	0.00328135	0.04582867	0.00386693	18.66872034
"169"	"ASD_Cancer"	177	0.00733171	0.00185067	0.05328909	0.00276445	18.98269584
"170"	"ASD_Cancer"	27	0.00757139	0.00265661	0.06739939	0.00283193	17.39932644
"171"	"ASD_Cancer"	68	0.00670638	0.00167506	0.05837634	0.0025884	18.65198673
"172"	"ASD_Cancer"	68	0.00670638	0.00167506	0.05837634	0.0025884	18.65198673
"173"	"ASD_Cancer"	68	0.00670638	0.00167506	0.05837634	0.0025884	18.65198673
"174"	"ASD_Cancer"	88	0.00488203	0.00202125	0.05160761	0.00207479	17.8283859
"175"	"ASD_Cancer"	255	0.00518263	0.00150558	0.07054508	0.00215941	18.26573037
"176"	"Cancer"	255	0.00518263	0.00150558	0.07054508	0.00215941	18.26573037
"177"	"Cancer"	85	0.00946587	0.00513547	0.07263976	0.00336529	16.42128508
"178"	"Cancer"	234	0.00603166	0.01290698	0.0993467	0.00239844	14.04936339
"179"	"Cancer"	171	0.00832102	0.00312646	0.0492443	0.00304298	18.49975283
"180"	"Cancer"	331	0.00599375	0.01144203	0.09789971	0.00238777	13.94019158
"181"	"Cancer"	328	0.00893327	0.00499889	0.06240053	0.00321535	16.60301148
"182"	"Cancer"	61	0.00837691	0.00921844	0.09813602	0.00305871	15.22998215
"183"	"Cancer"	264	0.00233623	0.04650495	0.18352481	0.00135806	12.14429259
"184"	"Cancer"	384	0.00317245	0.00250151	0.05940344	0.00159348	15.62517569
"185"	"Cancer"	179	0.00737437	0.00245862	0.0460447	0.00277646	18.44367361
"186"	"Cancer"	103	0.00480104	0.00182633	0.05717458	0.00205199	17.84959059
"187"	"Cancer"	65	0.00948224	0.00546862	0.05962534	0.0033699	16.49983867
"188"	"Cancer"	103	0.00480104	0.00182633	0.05717458	0.00205199	17.84959059
"189"	"Cancer"	398	0.00269528	0.00304665	0.07160042	0.00145914	14.75765949
"190"	"Cancer"	50	0.01573516	0.01128827	0.07681968	0.0051303	15.87909388
"191"	"Cancer"	334	0.00674187	0.01513888	0.08906555	0.00259839	13.70380406
"192"	"Cancer"	207	0.00659493	0.02446913	0.11002872	0.00255702	13.45723855
"193"	"Cancer"	66	0.01050026	0.00406495	0.06086112	0.0036565	17.53658644
"194"	"Cancer"	325	0.0050032	0.00233874	0.05777458	0.0021089	17.24683483
"195"	"Cancer"	243	0.00444781	0.00384142	0.08574296	0.00195254	15.00471872
"196"	"Cancer"	384	0.00317245	0.00250151	0.05940344	0.00159348	15.62517569
"197"	"Cancer"	298	0.00281842	0.00747149	0.10403529	0.00149381	13.3214905
"198"	"Cancer"	247	0.00349006	0.0024148	0.07877852	0.0016829	15.77844458
"199"	"Cancer"	320	0.00481113	0.00198125	0.08072791	0.00205482	17.51788164
"200"	"Cancer"	176	0.0084927	0.00231162	0.04795869	0.00309131	18.88911776
"201"	"Cancer"	129	0.01003121	0.00362581	0.05272248	0.00352445	18.20086613
"202"	"Cancer"	321	0.00609982	0.00363278	0.08534801	0.00241763	15.8829083
"203"	"Cancer"	172	0.00771284	0.00309162	0.05157872	0.00287175	18.14110161
"204"	"Cancer"	20	0.00206966	0.01385954	0.1774298	0.00128301	13.02698395
"205"	"Cancer"	105	0.00569816	0.00154746	0.06169304	0.00230455	18.59974642
"206"	"Cancer"	37	0.01550688	0.00548906	0.05258048	0.00506604	18.07910357
"207"	"Cancer"	130	0.00799511	0.00263525	0.04374055	0.00295122	18.72717374
"208"	"Cancer"	19	0.00342093	0.01070818	0.11636098	0.00166344	14.65878861
"209"	"Cancer"	248	0.00550139	0.00237451	0.07035152	0.00224916	16.62107346
"210"	"Cancer"	94	0.00686326	0.00279346	0.06204084	0.00263257	17.91688557
"211"	"Cancer"	144	0.00648626	0.00458787	0.07341922	0.00252643	15.97410267
"212"	"Cancer"	13	0.0046821	0.01117167	0.0847077	0.0020185	13.95669404
"213"	"Cancer"	87	0.00578171	0.0025428	0.07389277	0.00232808	17.45928602
"214"	"Cancer"	30	0.00614643	0.00401855	0.11931105	0.00243076	15.67081975
"215"	"Cancer"	106	0.00457426	0.00213937	0.06595076	0.00198814	17.1122107
"216"	"Cancer"	128	0.01069708	0.0039675	0.05434018	0.00371191	18.02118152
"217"	"Cancer"	43	0.00318833	0.0216363	0.15033565	0.00159795	12.4426906
"218"	"Cancer"	104	0.0046313	0.00147239	0.05830619	0.0020042	18.51066548
"219"	"Cancer"	254	0.00581964	0.00166086	0.06203922	0.00233875	18.35835316
"220"	"Cancer"	161	0.00713565	0.01058867	0.08554581	0.00270925	14.71461567
"221"	"Cancer"	131	0.00640935	0.00172866	0.04498388	0.00250478	19.10762362
"222"	"Cancer"	24	0.01133656	0.00653617	0.06244885	0.00389195	16.70392149
"223"	"Cancer"	209	0.00889876	0.02164525	0.12393747	0.00320563	13.71165558
"224"	"Cancer"	135	0.00532696	0.0011714	0.04863086	0.00220005	19.21087403
"225"	"Cancer"	43	0.00318833	0.0216363	0.15033565	0.00159795	12.4426906
"226"	"Cancer"	119	0.00695419	0.00388637	0.06474277	0.00265817	16.41553966
"227"	"Cancer"	336	0.01218613	0.01230376	0.07537708	0.00413113	15.03836675
"228"	"Cancer"	149	0.0080668	0.0043068	0.07728217	0.0029714	16.67960663
"229"	"Cancer"	36	0.01421553	0.00453197	0.05408332	0.00470248	18.39128789
"230"	"Cancer"	206	0.01365881	0.0161124	0.07712398	0.00454574	14.30458654
"231"	"Cancer"	365	0.00399411	0.0026111	0.07869261	0.00182481	15.46505171
"232"	"Cancer"	152	0.0085628	0.0040309	0.04708111	0.00311104	17.52690491
"233"	"Cancer"	107	0.00430065	0.00231768	0.09151642	0.00191111	16.90342642
"234"	"Cancer"	338	0.01110352	0.0119562	0.08106698	0.00382634	14.6543781
"235"	"Cancer"	256	0.00639076	0.00273646	0.06942178	0.00249954	17.46700564
"236"	"Cancer"	36	0.01421553	0.00453197	0.05408332	0.00470248	18.39128789
"237"	"Cancer"	354	0.0011495	0.00590096	0.16214985	0.00102395	12.50808142
"238"	"Cancer"	148	0.00760329	0.00367151	0.0514772	0.00284091	17.49027029
"239"	"Cancer"	357	0.00287824	0.00408269	0.12412265	0.00151065	13.76776442
"240"	"Cancer"	337	0.01181965	0.00918578	0.06652326	0.00402796	15.38526514
"241"	"Cancer"	130	0.00799511	0.00263525	0.04374055	0.00295122	18.72717374
"242"	"Cancer"	150	0.00897314	0.00576276	0.07130123	0.00322657	16.68936583
"243"	"Cancer"	88	0.00488203	0.00202125	0.05160761	0.00207479	17.8283859
"244"	"Cancer"	274	0.00572789	0.00183362	0.04631889	0.00231292	18.475431
"245"	"Cancer"	35	0.01016548	0.00264066	0.04779623	0.00356225	18.64369548
"246"	"Cancer"	135	0.00532696	0.0011714	0.04863086	0.00220005	19.21087403
"247"	"Cancer"	115	0.00224021	0.01156768	0.13032959	0.00133103	12.99523979
"248"	"Cancer"	59	0.00483794	0.01420569	0.13245238	0.00206237	13.91554025
"249"	"Cancer"	130	0.00799511	0.00263525	0.04374055	0.00295122	18.72717374
"250"	"Cancer"	173	0.00679141	0.00235196	0.05835505	0.00261234	18.41512779
"251"	"Cancer"	25	0.0116202	0.00382901	0.05590867	0.0039718	18.18823543
"252"	"Cancer"	170	0.00636428	0.0027108	0.04753626	0.00249209	18.18539436
"253"	"Cancer"	13	0.0046821	0.01117167	0.0847077	0.0020185	13.95669404
"254"	"Cancer"	136	0.00751622	0.00197981	0.04111944	0.0028164	18.97673294
"255"	"Cancer"	130	0.00799511	0.00263525	0.04374055	0.00295122	18.72717374
"256"	"Cancer"	234	0.00603166	0.01290698	0.0993467	0.00239844	14.04936339
"257"	"Cancer"	6	0.00321558	0.01135351	0.10573535	0.00160562	13.92417077
"258"	"Cancer"	307	0.00293629	0.00433648	0.06589751	0.00152699	14.74357119
"259"	"Cancer"	122	0.00452062	0.0010244	0.04810346	0.00197304	19.04573453
"260"	"Cancer"	293	0.00389719	0.00515967	0.08289032	0.00179752	14.42308822
"261"	"Cancer"	162	0.0027162	0.01252137	0.09618561	0.00146503	13.36007142
"262"	"Cancer"	20	0.00206966	0.01385954	0.1774298	0.00128301	13.02698395
"263"	"Cancer"	217	0.00517325	0.00211709	0.0569039	0.00215677	17.27083041
"264"	"Cancer"	130	0.00799511	0.00263525	0.04374055	0.00295122	18.72717374
"265"	"Cancer"	305	0.00364356	0.00286935	0.05419605	0.00172611	16.16295323
"266"	"Cancer"	142	0.0067264	0.00313159	0.08318863	0.00259404	16.89610112
"267"	"Cancer"	252	0.00571925	0.00174145	0.05473655	0.00231049	18.50445792
"268"	"Cancer"	323	0.00549833	0.00425262	0.07300203	0.00224829	15.73616652
"269"	"Cancer"	132	0.0089177	0.00210759	0.04393012	0.00321096	19.06767581
"270"	"Cancer"	136	0.00751622	0.00197981	0.04111944	0.0028164	18.97673294
"271"	"Cancer"	129	0.01003121	0.00362581	0.05272248	0.00352445	18.20086613
"272"	"Cancer"	70	0.00679187	0.00227294	0.04620001	0.00261247	18.45893945
"273"	"Cancer"	132	0.0089177	0.00210759	0.04393012	0.00321096	19.06767581
"274"	"Cancer"	100	0.00575904	0.00166719	0.0540574	0.00232169	18.81585685
"275"	"Cancer"	154	0.01077344	0.00500388	0.05378446	0.00373341	17.57826466
"276"	"Cancer"	296	0.00426976	0.00450333	0.07483431	0.00190241	15.02444497
"277"	"Cancer"	171	0.00832102	0.00312646	0.0492443	0.00304298	18.49975283
"278"	"Cancer"	65	0.00948224	0.00546862	0.05962534	0.0033699	16.49983867
"279"	"Cancer"	121	0.00622731	0.00148716	0.05592421	0.00245353	18.73414867
"280"	"Cancer"	112	0.00551145	0.00441145	0.07376552	0.00225199	15.8894882
"281"	"Cancer"	124	0.00954461	0.00312944	0.04803165	0.00338746	18.40497564
"282"	"Cancer"	52	0.01206522	0.01223884	0.09675534	0.00409709	14.73876533
"283"	"Cancer"	66	0.01050026	0.00406495	0.06086112	0.0036565	17.53658644
"284"	"Cancer"	166	0.00960586	0.00400395	0.05289215	0.0034047	18.17102282
"285"	"Cancer"	119	0.00695419	0.00388637	0.06474277	0.00265817	16.41553966
"286"	"Cancer"	79	0.00676262	0.01694767	0.14229378	0.00260423	13.53402796
"287"	"Cancer"	24	0.01133656	0.00653617	0.06244885	0.00389195	16.70392149
"288"	"Cancer"	341	0.00999366	0.00676717	0.06841324	0.00351388	15.7214579
"289"	"Cancer"	196	0.00484161	0.0028578	0.0664641	0.00206341	15.8674965
"290"	"Cancer"	273	0.004851	0.00169026	0.05149741	0.00206605	18.0083076
"291"	"Cancer"	47	0.01025001	0.01382557	0.08084311	0.00358605	14.05627675
"292"	"Cancer"	341	0.00999366	0.00676717	0.06841324	0.00351388	15.7214579
"293"	"Cancer"	126	0.0148993	0.0059492	0.06909236	0.00489498	17.57094984
"294"	"Cancer"	112	0.00551145	0.00441145	0.07376552	0.00225199	15.8894882
"295"	"Cancer"	259	0.01388997	0.01251515	0.06981868	0.00461082	15.02715837
"296"	"Cancer"	123	0.00838642	0.00190674	0.05189865	0.00306139	18.93380948
"297"	"Cancer"	178	0.00641773	0.0019201	0.04855934	0.00250714	18.87638878
"298"	"Cancer"	317	0.00509931	0.0028172	0.05743062	0.00213596	16.09618718
"299"	"Cancer"	11	0.00335712	0.00988597	0.11048266	0.00164547	14.0902237
"300"	"Cancer"	24	0.01133656	0.00653617	0.06244885	0.00389195	16.70392149
"301"	"Cancer"	295	0.00389886	0.00533448	0.07737556	0.00179799	14.60143739
"302"	"Cancer"	318	0.00660613	0.00209914	0.05992026	0.00256018	17.68281
"303"	"Cancer"	245	0.00196493	0.0054223	0.12317124	0.00125352	13.90850373
"304"	"Cancer"	92	0.00789157	0.00387744	0.07653734	0.00292207	16.93158346
"305"	"Cancer"	251	0.00543646	0.00165634	0.05566476	0.00223087	18.23741617
"306"	"Cancer"	182	0.00557962	0.0024089	0.05642058	0.00227118	17.35016896
"307"	"Cancer"	339	0.00720474	0.01226374	0.08839635	0.00272871	13.53344103
"308"	"Cancer"	108	0.00408222	0.00185982	0.05311721	0.00184961	17.45163203
"309"	"Cancer"	232	0.00795925	0.00874661	0.10111416	0.00294113	14.76852625
"310"	"Cancer"	96	0.007186	0.00216757	0.04737781	0.00272343	18.87901775
"311"	"Cancer"	66	0.01050026	0.00406495	0.06086112	0.0036565	17.53658644
"312"	"Cancer"	15	0.00740357	0.00644878	0.06523	0.00278468	15.46721653
"313"	"Cancer"	35	0.01016548	0.00264066	0.04779623	0.00356225	18.64369548
"314"	"Cancer"	137	0.00577026	0.00184972	0.04399511	0.00232485	18.80226319
"315"	"Cancer"	55	0.01004591	0.01273221	0.089656	0.00352859	14.71565451
"316"	"Cancer"	6	0.00321558	0.01135351	0.10573535	0.00160562	13.92417077
"317"	"Cancer"	230	0.01111955	0.0101281	0.08213794	0.00383086	14.58838511
"318"	"Cancer"	167	0.00565014	0.00484843	0.06287233	0.00229103	16.9648775
"319"	"Cancer"	192	0.00441479	0.00245675	0.05900199	0.00194324	16.27315311
"320"	"Cancer"	145	0.00597469	0.00490179	0.05730729	0.0023824	16.12188953
"321"	"Cancer"	215	0.00830057	0.00401152	0.06547036	0.00303722	16.80305068
"322"	"Cancer"	156	0.01217605	0.00523932	0.05164106	0.00412829	17.79838918
"323"	"Cancer"	97	0.0069495	0.00193763	0.04943523	0.00265685	18.9313764
"324"	"Cancer"	74	0.00926378	0.00796636	0.0984543	0.00330839	15.90794467
"325"	"Cancer"	248	0.00550139	0.00237451	0.07035152	0.00224916	16.62107346
"326"	"Cancer"	330	0.0041105	0.00791514	0.08579687	0.00185758	14.87273302
"327"	"Cancer"	92	0.00789157	0.00387744	0.07653734	0.00292207	16.93158346
"328"	"Cancer"	34	0.0056722	0.00147787	0.04903078	0.00229725	18.73446041
"329"	"Cancer"	201	0.00929047	0.00703925	0.08180789	0.00331591	15.53801022
"330"	"Cancer"	39	0.01473816	0.01147389	0.07568515	0.00484961	15.64226167
"331"	"Cancer"	325	0.0050032	0.00233874	0.05777458	0.0021089	17.24683483
"332"	"Cancer"	234	0.00603166	0.01290698	0.0993467	0.00239844	14.04936339
"333"	"Cancer"	272	0.0054417	0.00209853	0.06199614	0.00223235	17.43369751
"334"	"Cancer"	46	0.00900551	0.01356905	0.08904639	0.00323568	14.22157658
"335"	"Cancer"	35	0.01016548	0.00264066	0.04779623	0.00356225	18.64369548
"336"	"Cancer"	57	0.01231774	0.00744501	0.06785573	0.00416818	16.46495803
"337"	"Cancer"	10	0.00281675	0.01252261	0.1294114	0.00149334	14.16706565
"338"	"Cancer"	204	0.01882321	0.00866235	0.06442172	0.00599969	16.97459457
"339"	"Cancer"	270	0.01469763	0.00709631	0.06630113	0.0048382	16.85957742
"340"	"Cancer"	60	0.0073461	0.01043175	0.13216134	0.0027685	14.60647975
"341"	"Cancer"	341	0.00999366	0.00676717	0.06841324	0.00351388	15.7214579
"342"	"Cancer"	272	0.0054417	0.00209853	0.06199614	0.00223235	17.43369751
"343"	"Cancer"	6	0.00321558	0.01135351	0.10573535	0.00160562	13.92417077
"344"	"Cancer"	226	0.00543326	0.00464092	0.09441649	0.00222997	15.24491093
"345"	"Cancer"	195	0.00514803	0.00189373	0.06248893	0.00214967	17.40601903
"346"	"Cancer"	291	0.00246343	0.00527573	0.07438598	0.00139387	13.91537233
"347"	"Cancer"	67	0.0105024	0.00286981	0.05734799	0.00365711	18.39520476
"348"	"Cancer"	121	0.00622731	0.00148716	0.05592421	0.00245353	18.73414867
"349"	"Cancer"	139	0.00728143	0.0022729	0.0510933	0.0027503	18.36863869
"350"	"Cancer"	156	0.01217605	0.00523932	0.05164106	0.00412829	17.79838918
"351"	"Cancer"	99	0.00557468	0.00170693	0.05165142	0.00226979	18.48223291
"352"	"Cancer"	38	0.01906149	0.00730722	0.05863863	0.00606677	17.59641925
"353"	"Cancer"	166	0.00960586	0.00400395	0.05289215	0.0034047	18.17102282
"354"	"Cancer"	152	0.0085628	0.0040309	0.04708111	0.00311104	17.52690491
"355"	"Cancer"	90	0.00619094	0.00267289	0.05002257	0.00244329	17.86357509
"356"	"Cancer"	7	0.00442919	0.00931749	0.11301096	0.0019473	14.36235672
"357"	"Cancer"	146	0.00514542	0.0045975	0.07486995	0.00214894	15.74388111
"358"	"Cancer"	189	0.0039612	0.00172286	0.07821299	0.00181554	16.87447581
"359"	"Cancer"	136	0.00751622	0.00197981	0.04111944	0.0028164	18.97673294
"360"	"Cancer"	72	0.00525687	0.00410693	0.0639274	0.00218032	16.19538315
"361"	"Cancer"	111	0.00490283	0.00468177	0.08121985	0.00208064	15.50877713
"362"	"Cancer"	108	0.00408222	0.00185982	0.05311721	0.00184961	17.45163203
"363"	"Cancer"	3	0.00380045	0.00976134	0.1420803	0.00177029	14.06965748
"364"	"Cancer"	70	0.00679187	0.00227294	0.04620001	0.00261247	18.45893945
"365"	"Cancer"	93	0.0054551	0.00343729	0.0744728	0.00223612	16.74240729
"366"	"Cancer"	70	0.00679187	0.00227294	0.04620001	0.00261247	18.45893945
"367"	"Cancer"	34	0.0056722	0.00147787	0.04903078	0.00229725	18.73446041
"368"	"Cancer"	225	0.00467073	0.00309376	0.09243066	0.0020153	15.97766712
"369"	"Cancer"	70	0.00679187	0.00227294	0.04620001	0.00261247	18.45893945
"370"	"Cancer"	45	0.00516778	0.0150688	0.13018508	0.00215523	13.65945611
"371"	"Cancer"	107	0.00430065	0.00231768	0.09151642	0.00191111	16.90342642
"372"	"Cancer"	252	0.00571925	0.00174145	0.05473655	0.00231049	18.50445792
"373"	"Cancer"	152	0.0085628	0.0040309	0.04708111	0.00311104	17.52690491
"374"	"Cancer"	268	0.01361223	0.01806432	0.10469056	0.00453263	14.27282413
"375"	"Cancer"	46	0.00900551	0.01356905	0.08904639	0.00323568	14.22157658
"376"	"Cancer"	81	0.01204682	0.01060436	0.07248431	0.00409191	15.05847365
"377"	"Cancer"	159	0.00994883	0.00419229	0.04875739	0.00350126	17.53348395
"378"	"Cancer"	113	0.00292569	0.00731698	0.11944395	0.00152401	13.5117453
"379"	"Cancer"	91	0.00704842	0.00303933	0.07168355	0.0026847	17.46666615
"380"	"Cancer"	185	0.00325039	0.00297276	0.07535439	0.00161542	15.16855875
"381"	"Cancer"	230	0.01111955	0.0101281	0.08213794	0.00383086	14.58838511
"382"	"Cancer"	264	0.00233623	0.04650495	0.18352481	0.00135806	12.14429259
"383"	"Cancer"	11	0.00335712	0.00988597	0.11048266	0.00164547	14.0902237
"384"	"Cancer"	174	0.00743675	0.00223294	0.04861119	0.00279402	18.90541638
"385"	"Cancer"	47	0.01025001	0.01382557	0.08084311	0.00358605	14.05627675
"386"	"Cancer"	125	0.01144928	0.00569717	0.05544829	0.00392368	17.32780855
"387"	"Cancer"	153	0.01220375	0.00606496	0.07473718	0.00413609	17.19796661
"388"	"Cancer"	123	0.00838642	0.00190674	0.05189865	0.00306139	18.93380948
"389"	"Cancer"	151	0.00816604	0.00378516	0.04977785	0.00299934	17.72462582
"390"	"Cancer"	27	0.00757139	0.00265661	0.06739939	0.00283193	17.39932644
"391"	"Cancer"	255	0.00518263	0.00150558	0.07054508	0.00215941	18.26573037
"392"	"Cancer"	48	0.01429174	0.01051516	0.06758853	0.00472393	15.64744218
"393"	"Cancer"	348	0.0057262	0.00328633	0.06469287	0.00231245	15.85482876
"394"	"Cancer"	118	0.006738	0.00637722	0.0720987	0.0025973	15.18998152
"395"	"Cancer"	63	0.0065163	0.01350174	0.09314704	0.00253489	13.95649713
"396"	"Cancer"	303	0.00399057	0.00191932	0.05750356	0.00182381	17.38522261
"397"	"Cancer"	140	0.00646707	0.00276059	0.05073527	0.00252103	17.67305543
"398"	"Cancer"	227	0.00631893	0.00560372	0.07788073	0.00247932	14.89798159
"399"	"Cancer"	71	0.0073494	0.00370329	0.06090424	0.00276943	17.27834019
"400"	"Cancer"	96	0.007186	0.00216757	0.04737781	0.00272343	18.87901775
"401"	"Cancer"	160	0.01088969	0.00715308	0.07544031	0.00376614	16.2549223
"402"	"Cancer"	152	0.0085628	0.0040309	0.04708111	0.00311104	17.52690491
"403"	"Cancer"	138	0.00545103	0.00158959	0.04796224	0.00223498	18.81111411
"404"	"Cancer"	122	0.00452062	0.0010244	0.04810346	0.00197304	19.04573453
"405"	"Cancer"	128	0.01069708	0.0039675	0.05434018	0.00371191	18.02118152
"406"	"Cancer"	304	0.00293105	0.00187446	0.05502748	0.00152552	17.02158099
"407"	"Cancer"	331	0.00599375	0.01144203	0.09789971	0.00238777	13.94019158
"408"	"Cancer"	165	0.01072248	0.0046459	0.05150944	0.00371907	17.91298666
"409"	"Cancer"	167	0.00565014	0.00484843	0.06287233	0.00229103	16.9648775
"410"	"Cancer"	48	0.01429174	0.01051516	0.06758853	0.00472393	15.64744218
"411"	"Cancer"	265	0.00238439	0.04397216	0.18352481	0.00137162	11.44373223
"412"	"Cancer"	162	0.0027162	0.01252137	0.09618561	0.00146503	13.36007142
"413"	"Cancer"	275	0.00564793	0.00143796	0.0561452	0.00229041	18.78402461
"414"	"Cancer"	148	0.00760329	0.00367151	0.0514772	0.00284091	17.49027029
"415"	"Cancer"	345	0.00626169	0.0017277	0.06668516	0.00246321	17.89168109
"416"	"Cancer"	167	0.00565014	0.00484843	0.06287233	0.00229103	16.9648775
"417"	"Cancer"	138	0.00545103	0.00158959	0.04796224	0.00223498	18.81111411
"418"	"Cancer"	14	0.00857434	0.00833583	0.06857368	0.00311429	15.27493039
"419"	"Cancer"	185	0.00325039	0.00297276	0.07535439	0.00161542	15.16855875
"420"	"Cancer"	161	0.00713565	0.01058867	0.08554581	0.00270925	14.71461567
"421"	"Cancer"	97	0.0069495	0.00193763	0.04943523	0.00265685	18.9313764
"422"	"Cancer"	132	0.0089177	0.00210759	0.04393012	0.00321096	19.06767581
"423"	"Cancer"	187	0.00357901	0.0019716	0.06329648	0.00170794	16.56576885
"424"	"Cancer"	118	0.006738	0.00637722	0.0720987	0.0025973	15.18998152
"425"	"Cancer"	16	0.00858873	0.00685706	0.06674686	0.00311835	16.05657982
"426"	"Cancer"	109	0.00464536	0.00301638	0.07024676	0.00200815	16.27262754
"427"	"Cancer"	134	0.00604277	0.00137479	0.04409699	0.00240157	19.29697139
"428"	"Cancer"	124	0.00954461	0.00312944	0.04803165	0.00338746	18.40497564
"429"	"Cancer"	245	0.00196493	0.0054223	0.12317124	0.00125352	13.90850373
"430"	"Cancer"	5	0.00578633	0.00786707	0.06984602	0.00232938	15.34068003
"431"	"Cancer"	161	0.00713565	0.01058867	0.08554581	0.00270925	14.71461567
"432"	"Cancer"	226	0.00543326	0.00464092	0.09441649	0.00222997	15.24491093
"433"	"Cancer"	357	0.00287824	0.00408269	0.12412265	0.00151065	13.76776442
"434"	"Cancer"	246	0.00377181	0.0035707	0.08509287	0.00176222	15.02093004
"435"	"Cancer"	284	0.00308429	0.004605	0.0801144	0.00156866	14.76562597
"436"	"Cancer"	275	0.00564793	0.00143796	0.0561452	0.00229041	18.78402461
"437"	"Cancer"	41	0.00609	0.01976561	0.12167724	0.00241487	12.89345187
"438"	"Cancer"	382	0.00379041	0.00264441	0.08695385	0.00176746	15.59753967
"439"	"Cancer"	263	0.00151509	0.05079777	0.20480945	0.00112688	12.16362059
"440"	"Cancer"	357	0.00287824	0.00408269	0.12412265	0.00151065	13.76776442
"441"	"Cancer"	204	0.01882321	0.00866235	0.06442172	0.00599969	16.97459457
"442"	"Cancer"	96	0.007186	0.00216757	0.04737781	0.00272343	18.87901775
"443"	"Cancer"	33	0.00507892	0.0014762	0.06039516	0.00213022	18.16714927
"444"	"Cancer"	252	0.00571925	0.00174145	0.05473655	0.00231049	18.50445792
"445"	"Cancer"	388	0.00215084	0.00364135	0.08800379	0.00130586	14.30741417
"446"	"Cancer"	348	0.0057262	0.00328633	0.06469287	0.00231245	15.85482876
"447"	"Cancer"	121	0.00622731	0.00148716	0.05592421	0.00245353	18.73414867
"448"	"Cancer"	94	0.00686326	0.00279346	0.06204084	0.00263257	17.91688557
"449"	"Cancer"	14	0.00857434	0.00833583	0.06857368	0.00311429	15.27493039
"450"	"Cancer"	53	0.01769856	0.00783666	0.06416932	0.00568306	17.18482617
"451"	"Cancer"	345	0.00626169	0.0017277	0.06668516	0.00246321	17.89168109
"452"	"Cancer"	217	0.00517325	0.00211709	0.0569039	0.00215677	17.27083041
"453"	"Cancer"	205	0.01606984	0.01420045	0.09108159	0.00522453	15.4403987
"454"	"Cancer"	28	0.00817654	0.00219151	0.06306192	0.0030023	18.26014366
"455"	"Cancer"	204	0.01882321	0.00866235	0.06442172	0.00599969	16.97459457
"456"	"Cancer"	27	0.00757139	0.00265661	0.06739939	0.00283193	17.39932644
"457"	"Cancer"	256	0.00639076	0.00273646	0.06942178	0.00249954	17.46700564
"458"	"Cancer"	109	0.00464536	0.00301638	0.07024676	0.00200815	16.27262754
"459"	"Cancer"	160	0.01088969	0.00715308	0.07544031	0.00376614	16.2549223
"460"	"Cancer"	101	0.00593083	0.00155191	0.04446374	0.00237006	19.03529239
"461"	"Cancer"	244	0.00267279	0.00665298	0.12349638	0.00145281	14.16629461
"462"	"Cancer"	168	0.00556723	0.00383229	0.05017345	0.00226769	16.97614632
"463"	"Cancer"	86	0.00763316	0.0029791	0.07544942	0.00284932	17.39097916
"464"	"Cancer"	55	0.01004591	0.01273221	0.089656	0.00352859	14.71565451
"465"	"Cancer"	61	0.00837691	0.00921844	0.09813602	0.00305871	15.22998215
"466"	"Cancer"	304	0.00293105	0.00187446	0.05502748	0.00152552	17.02158099
"467"	"Cancer"	14	0.00857434	0.00833583	0.06857368	0.00311429	15.27493039
"468"	"Cancer"	54	0.01533789	0.01006889	0.09798995	0.00501846	16.03610674
"469"	"Cancer"	62	0.00466934	0.01398914	0.10610148	0.00201491	13.70014154
"470"	"Cancer"	137	0.00577026	0.00184972	0.04399511	0.00232485	18.80226319
"471"	"Cancer"	141	0.00537296	0.00251205	0.05208037	0.002213	17.25590539
"472"	"Cancer"	98	0.0067705	0.00175993	0.05353032	0.00260645	19.06470911
"473"	"Cancer"	135	0.00532696	0.0011714	0.04863086	0.00220005	19.21087403
"474"	"Cancer"	10	0.00281675	0.01252261	0.1294114	0.00149334	14.16706565
"475"	"Cancer"	82	0.00919342	0.0139772	0.09127068	0.00328859	14.05220685
"476"	"Cancer"	154	0.01077344	0.00500388	0.05378446	0.00373341	17.57826466
"477"	"Cancer"	335	0.00592685	0.01770408	0.11409912	0.00236894	13.47524178
"478"	"Cancer"	49	0.01391897	0.01295975	0.07605887	0.00461899	14.93929001
"479"	"Cancer"	204	0.01882321	0.00866235	0.06442172	0.00599969	16.97459457
"480"	"Cancer"	35	0.01016548	0.00264066	0.04779623	0.00356225	18.64369548
"481"	"Cancer"	173	0.00679141	0.00235196	0.05835505	0.00261234	18.41512779
"482"	"Cancer"	276	0.00537966	0.00153381	0.05731937	0.00221488	18.61090236
"483"	"Cancer"	124	0.00954461	0.00312944	0.04803165	0.00338746	18.40497564
"484"	"Cancer"	201	0.00929047	0.00703925	0.08180789	0.00331591	15.53801022
"485"	"Cancer"	287	0.00206253	0.0037954	0.06343502	0.001281	14.25747561
"486"	"Cancer"	326	0.00540108	0.00291756	0.05768502	0.00222092	17.09464768
"487"	"Cancer"	335	0.00592685	0.01770408	0.11409912	0.00236894	13.47524178
"488"	"Cancer"	73	0.0063723	0.00626099	0.09018104	0.00249435	15.70328695
"489"	"Cancer"	162	0.0027162	0.01252137	0.09618561	0.00146503	13.36007142
"490"	"Cancer"	233	0.00591801	0.01081827	0.11176494	0.00236645	14.47072914
"491"	"Cancer"	200	0.00923318	0.0042146	0.0697525	0.00329978	17.03425045
"492"	"Cancer"	142	0.0067264	0.00313159	0.08318863	0.00259404	16.89610112
"493"	"Cancer"	62	0.00466934	0.01398914	0.10610148	0.00201491	13.70014154
"494"	"Cancer"	175	0.00655517	0.00240919	0.04149915	0.00254583	18.54373944
"495"	"Cancer"	286	0.00241265	0.00302277	0.06847897	0.00137957	15.20097536
"496"	"Cancer"	299	0.00419509	0.00507755	0.08135276	0.00188139	15.2631157
"497"	"Cancer"	209	0.00889876	0.02164525	0.12393747	0.00320563	13.71165558
"498"	"Cancer"	27	0.00757139	0.00265661	0.06739939	0.00283193	17.39932644
"499"	"Cancer"	15	0.00740357	0.00644878	0.06523	0.00278468	15.46721653
"500"	"Cancer"	225	0.00467073	0.00309376	0.09243066	0.0020153	15.97766712
"501"	"Cancer"	144	0.00648626	0.00458787	0.07341922	0.00252643	15.97410267
"502"	"Cancer"	279	0.00494537	0.00143494	0.05855293	0.00209262	18.38359229
"503"	"Cancer"	79	0.00676262	0.01694767	0.14229378	0.00260423	13.53402796
"504"	"Cancer"	330	0.0041105	0.00791514	0.08579687	0.00185758	14.87273302
"505"	"Cancer"	325	0.0050032	0.00233874	0.05777458	0.0021089	17.24683483
"506"	"Cancer"	150	0.00897314	0.00576276	0.07130123	0.00322657	16.68936583
"507"	"Cancer"	31	0.00612645	0.00319008	0.09557187	0.00242513	16.29110207
"508"	"Cancer"	67	0.0105024	0.00286981	0.05734799	0.00365711	18.39520476
"509"	"Cancer"	123	0.00838642	0.00190674	0.05189865	0.00306139	18.93380948
"510"	"Cancer"	129	0.01003121	0.00362581	0.05272248	0.00352445	18.20086613
"511"	"Cancer"	326	0.00540108	0.00291756	0.05768502	0.00222092	17.09464768
"512"	"Cancer"	154	0.01077344	0.00500388	0.05378446	0.00373341	17.57826466
"513"	"Cancer"	268	0.01361223	0.01806432	0.10469056	0.00453263	14.27282413
"514"	"Cancer"	291	0.00246343	0.00527573	0.07438598	0.00139387	13.91537233
"515"	"Cancer"	156	0.01217605	0.00523932	0.05164106	0.00412829	17.79838918
"516"	"Cancer"	181	0.00637819	0.00189084	0.05702201	0.002496	18.36558143
"517"	"Cancer"	10	0.00281675	0.01252261	0.1294114	0.00149334	14.16706565
"518"	"Cancer"	246	0.00377181	0.0035707	0.08509287	0.00176222	15.02093004
"519"	"Cancer"	120	0.00523046	0.00193709	0.05492348	0.00217288	17.95473453
"520"	"Cancer"	282	0.00416096	0.00217081	0.060545	0.00187178	17.01607029
"521"	"Cancer"	310	0.00110981	0.00797263	0.1107623	0.00101278	14.15637469
"522"	"Cancer"	28	0.00817654	0.00219151	0.06306192	0.0030023	18.26014366
"523"	"Cancer"	32	0.00543371	0.00145553	0.06651332	0.0022301	18.36268078
"524"	"Cancer"	73	0.0063723	0.00626099	0.09018104	0.00249435	15.70328695
"525"	"Cancer"	78	0.00969149	0.01158475	0.10170244	0.00342881	14.60341236
"526"	"Cancer"	81	0.01204682	0.01060436	0.07248431	0.00409191	15.05847365
"527"	"Cancer"	215	0.00830057	0.00401152	0.06547036	0.00303722	16.80305068
"528"	"Cancer"	162	0.0027162	0.01252137	0.09618561	0.00146503	13.36007142
"529"	"Cancer"	157	0.01154635	0.0068705	0.06161889	0.00395101	16.46786482
"530"	"Cancer"	67	0.0105024	0.00286981	0.05734799	0.00365711	18.39520476
"531"	"Cancer"	176	0.0084927	0.00231162	0.04795869	0.00309131	18.88911776
"532"	"Cancer"	181	0.00637819	0.00189084	0.05702201	0.002496	18.36558143
"533"	"Cancer"	55	0.01004591	0.01273221	0.089656	0.00352859	14.71565451
"534"	"Cancer"	259	0.01388997	0.01251515	0.06981868	0.00461082	15.02715837
"535"	"Cancer"	272	0.0054417	0.00209853	0.06199614	0.00223235	17.43369751
"536"	"Cancer"	144	0.00648626	0.00458787	0.07341922	0.00252643	15.97410267
"537"	"Cancer"	95	0.00840327	0.00264765	0.04522995	0.00306613	18.79586148
"538"	"Cancer"	155	0.0112477	0.00328135	0.04582867	0.00386693	18.66872034
"539"	"Cancer"	127	0.00986706	0.00325304	0.05807093	0.00347824	18.2811328
"540"	"Cancer"	337	0.01181965	0.00918578	0.06652326	0.00402796	15.38526514
"541"	"Cancer"	90	0.00619094	0.00267289	0.05002257	0.00244329	17.86357509
"542"	"Cancer"	262	0.00516659	0.03600991	0.14926862	0.0021549	13.06909575
"543"	"Cancer"	209	0.00889876	0.02164525	0.12393747	0.00320563	13.71165558
"544"	"Cancer"	201	0.00929047	0.00703925	0.08180789	0.00331591	15.53801022
"545"	"Cancer"	271	0.00929542	0.00354214	0.0714926	0.0033173	17.47176897
"546"	"Cancer"	333	0.0018456	0.0203118	0.144622	0.00121993	11.92751004
"547"	"Cancer"	177	0.00733171	0.00185067	0.05328909	0.00276445	18.98269584
"548"	"Cancer"	105	0.00569816	0.00154746	0.06169304	0.00230455	18.59974642
"549"	"Cancer"	271	0.00929542	0.00354214	0.0714926	0.0033173	17.47176897
"550"	"Cancer"	235	0.00326146	0.01687569	0.1605618	0.00161854	14.07349366
"551"	"Cancer"	145	0.00597469	0.00490179	0.05730729	0.0023824	16.12188953
"552"	"Cancer"	132	0.0089177	0.00210759	0.04393012	0.00321096	19.06767581
"553"	"Cancer"	221	0.00417061	0.00246036	0.06150328	0.0018745	16.66359675
"554"	"Cancer"	17	0.0079233	0.00681775	0.07823633	0.002931	16.15244974
"555"	"Cancer"	30	0.00614643	0.00401855	0.11931105	0.00243076	15.67081975
"556"	"Cancer"	124	0.00954461	0.00312944	0.04803165	0.00338746	18.40497564
"557"	"Cancer"	258	0.0117513	0.00829627	0.07410652	0.00400871	16.05524551
"558"	"Cancer"	85	0.00946587	0.00513547	0.07263976	0.00336529	16.42128508
"559"	"Cancer"	323	0.00549833	0.00425262	0.07300203	0.00224829	15.73616652
"560"	"Cancer"	213	0.01544441	0.00798395	0.06682861	0.00504845	16.21734212
"561"	"Cancer"	275	0.00564793	0.00143796	0.0561452	0.00229041	18.78402461
"562"	"Cancer"	258	0.0117513	0.00829627	0.07410652	0.00400871	16.05524551
"563"	"Cancer"	55	0.01004591	0.01273221	0.089656	0.00352859	14.71565451
"564"	"Cancer"	161	0.00713565	0.01058867	0.08554581	0.00270925	14.71461567
"565"	"Cancer"	19	0.00342093	0.01070818	0.11636098	0.00166344	14.65878861
"566"	"Cancer"	153	0.01220375	0.00606496	0.07473718	0.00413609	17.19796661
"567"	"Cancer"	89	0.00576079	0.00263012	0.04600897	0.00232218	17.56799376
"568"	"Cancer"	62	0.00466934	0.01398914	0.10610148	0.00201491	13.70014154
"569"	"Cancer"	315	0.00433341	0.00430013	0.07608938	0.00192033	15.33062732
"570"	"Cancer"	169	0.00550972	0.00327941	0.05291576	0.0022515	17.31379985
"571"	"Cancer"	354	0.0011495	0.00590096	0.16214985	0.00102395	12.50808142
"572"	"Cancer"	181	0.00637819	0.00189084	0.05702201	0.002496	18.36558143
"573"	"Cancer"	217	0.00517325	0.00211709	0.0569039	0.00215677	17.27083041
"574"	"Cancer"	338	0.01110352	0.0119562	0.08106698	0.00382634	14.6543781
"575"	"Cancer"	255	0.00518263	0.00150558	0.07054508	0.00215941	18.26573037
"576"	"Cancer"	369	0.00275116	0.00293303	0.06821654	0.00147488	15.39216592
"577"	"Cancer"	130	0.00799511	0.00263525	0.04374055	0.00295122	18.72717374
"578"	"Cancer"	250	0.00498971	0.00190241	0.06712648	0.0021051	17.23971929
"579"	"Cancer"	388	0.00215084	0.00364135	0.08800379	0.00130586	14.30741417
"580"	"Cancer"	169	0.00550972	0.00327941	0.05291576	0.0022515	17.31379985
"581"	"Cancer"	5	0.00578633	0.00786707	0.06984602	0.00232938	15.34068003
"582"	"Cancer"	256	0.00639076	0.00273646	0.06942178	0.00249954	17.46700564
"583"	"Cancer"	39	0.01473816	0.01147389	0.07568515	0.00484961	15.64226167
"584"	"Cancer"	123	0.00838642	0.00190674	0.05189865	0.00306139	18.93380948
"585"	"Cancer"	188	0.00416725	0.00169706	0.0526368	0.00187355	17.5373641
"586"	"Cancer"	53	0.01769856	0.00783666	0.06416932	0.00568306	17.18482617
"587"	"Cancer"	208	0.00287283	0.02861861	0.20855708	0.00150913	13.07722574
"588"	"Cancer"	34	0.0056722	0.00147787	0.04903078	0.00229725	18.73446041
"589"	"Cancer"	69	0.00853169	0.00247077	0.05272653	0.00310229	18.59709865
"590"	"Cancer"	167	0.00565014	0.00484843	0.06287233	0.00229103	16.9648775
"591"	"Cancer"	63	0.0065163	0.01350174	0.09314704	0.00253489	13.95649713
"592"	"Cancer"	213	0.01544441	0.00798395	0.06682861	0.00504845	16.21734212
"593"	"Cancer"	394	0.00171951	0.00384735	0.06912908	0.00118443	13.84851097
"594"	"Cancer"	66	0.01050026	0.00406495	0.06086112	0.0036565	17.53658644
"595"	"Cancer"	151	0.00816604	0.00378516	0.04977785	0.00299934	17.72462582
"596"	"Cancer"	10	0.00281675	0.01252261	0.1294114	0.00149334	14.16706565
"597"	"Cancer"	69	0.00853169	0.00247077	0.05272653	0.00310229	18.59709865
"598"	"Cancer"	164	0.00572757	0.00674879	0.07499025	0.00231283	15.95011483
"599"	"Cancer"	8	0.00734073	0.00679854	0.07098144	0.00276699	15.6870919
"600"	"Cancer"	21	0.00454901	0.01257275	0.11918747	0.00198103	13.77474327
"601"	"Cancer"	86	0.00763316	0.0029791	0.07544942	0.00284932	17.39097916
"602"	"Cancer"	205	0.01606984	0.01420045	0.09108159	0.00522453	15.4403987
"603"	"Control"	29	0.00790781	0.00299521	0.08200672	0.00292664	17.19525109
"604"	"Control"	29	0.00790781	0.00299521	0.08200672	0.00292664	17.19525109
"605"	"Control"	40	0.01008196	0.0161293	0.08894016	0.00353874	14.21649843
"606"	"Control"	45	0.00516778	0.0150688	0.13018508	0.00215523	13.65945611
"607"	"Control"	77	0.00736487	0.0140454	0.13969704	0.00277379	13.74617737
"608"	"Control"	97	0.0069495	0.00193763	0.04943523	0.00265685	18.9313764
"609"	"Control"	139	0.00728143	0.0022729	0.0510933	0.0027503	18.36863869
"610"	"Control"	198	0.00597957	0.00196026	0.0682933	0.00238378	17.73258261
"611"	"Control"	229	0.01108928	0.01176335	0.09619538	0.00382233	14.42225503
"612"	"Control"	248	0.00550139	0.00237451	0.07035152	0.00224916	16.62107346
"613"	"Control"	265	0.00238439	0.04397216	0.18352481	0.00137162	11.44373223
"614"	"Control"	302	0.00401177	0.00317334	0.07214606	0.00182978	15.18157017
"615"	"Control"	319	0.00599912	0.00262725	0.07614164	0.00238928	16.4873632
"616"	"Control"	324	0.00510128	0.00244675	0.06061888	0.00213651	17.11969055
"617"	"Control"	56	0.0110156	0.00904398	0.08905121	0.00380159	15.92017552
"618"	"Control"	149	0.0080668	0.0043068	0.07728217	0.0029714	16.67960663
"619"	"Control"	131	0.00640935	0.00172866	0.04498388	0.00250478	19.10762362
"620"	"Control"	128	0.01069708	0.0039675	0.05434018	0.00371191	18.02118152
"621"	"Control"	3	0.00380045	0.00976134	0.1420803	0.00177029	14.06965748
"622"	"Control"	79	0.00676262	0.01694767	0.14229378	0.00260423	13.53402796
"623"	"Control"	123	0.00838642	0.00190674	0.05189865	0.00306139	18.93380948
"624"	"Control"	171	0.00832102	0.00312646	0.0492443	0.00304298	18.49975283
