POSITION	Betweenness	Closeness	Degree	Eigenvector	Clustering_coefficient	Disease
1	-3.351451365	6.97969E-08	0	1.10637E-08	0	ASD
2	0.116278611	1.48033E-07	0.007462687	7.10997E-08	0	ASD
3	0.116278611	1.48033E-07	0.007462687	4.93352E-07	0	ASD
4	-1.070262169	1.44363E-07	0	-9.25882E-08	0.007462687	ASD
5	-9.081423277	1.84668E-07	0	-1.249E-06	0.007462687	ASD
6	0.59142154	1.45004E-07	0.02238806	-1.61594E-07	-0.124378109	ASD
7	-4.302374207	1.30443E-07	0	2.66233E-06	-0.380597015	ASD
8	-37.09118765	1.56326E-07	0.007462687	-2.99001E-06	-0.124378109	ASD
9	-3.56762195	1.35515E-07	0.007462687	-1.52416E-05	0.065920398	ASD
10	0.028192371	1.1446E-07	0.007462687	-2.62862E-06	-0.246268657	ASD
11	-45.07113	1.04997E-07	0	-3.07357E-06	0.062189055	ASD
12	-25.09955651	5.30067E-07	0.02238806	-4.70119E-07	0	ASD
13	-19.16193789	9.84815E-07	0	2.67251E-08	0	ASD
14	6.240297494	1.85428E-06	0.007462687	1.18597E-07	0	ASD
15	24.99089529	2.33848E-06	0.029850746	1.13685E-08	0	ASD
16	25.30468253	2.25955E-06	0.007462687	1.19468E-07	0	ASD
17	5.57349074	1.26795E-06	0	1.14496E-08	0	ASD
18	-11.65548665	4.79988E-07	0	4.43701E-09	0	ASD
19	-21.38879267	4.62597E-08	0	4.25237E-10	0	ASD
20	-23.96583504	-3.55267E-08	0	4.07646E-11	0	ASD
21	-24.00961319	-4.14366E-08	0	-8.07542E-10	0	ASD
22	0	-3.75361E-08	0	-7.11827E-09	0	ASD
23	-23.80662811	-4.17135E-08	0	-7.58751E-08	0	ASD
24	0	-3.48755E-08	0	-6.58462E-07	0	ASD
25	-23.80163351	-3.60689E-08	-0.014925373	-5.51711E-06	0	ASD
26	8.103745372	4.68332E-08	0.007462687	-1.71784E-05	0	ASD
27	-0.594605782	2.15358E-08	0	-9.82763E-05	-0.063432836	ASD
28	6.875476011	2.28768E-07	0	-4.16861E-05	-0.126865672	ASD
29	0.005892844	1.82868E-07	0	8.22489E-05	0	ASD
30	0.532019246	1.72552E-07	0	4.07459E-05	-0.063432836	ASD
31	0	1.90508E-08	0	3.76793E-05	-0.380597015	ASD
32	-1.824481534	2.5703E-08	0	-2.60051E-05	-0.126865672	ASD
33	2.646557922	1.69813E-07	0	9.73355E-05	-0.063432836	ASD
34	-40.15585851	-4.858E-08	-0.014925373	-0.001306716	0.001243781	ASD
35	14.30300553	2.21475E-07	-0.007462687	-0.002301466	0.056218905	ASD
36	-2.417759299	1.11291E-07	-0.014925373	-0.000457569	0	ASD
37	-0.971574515	1.42337E-07	-0.007462687	-0.001063627	0	ASD
38	13.28340061	1.09942E-07	-0.014925373	-4.27728E-05	0	ASD
39	-15.14854046	-1.20342E-07	-0.029850746	-1.29644E-05	0.002487562	ASD
40	-0.933670451	-9.79665E-08	0	-1.57877E-06	0	ASD
41	0.012437811	7.05325E-08	0	-3.05878E-05	0	ASD
42	1.077609715	8.67927E-08	0	-0.000148089	-0.126865672	ASD
43	0.014172912	1.02187E-07	0	-0.000144893	-0.380597015	ASD
44	-0.055136256	1.16233E-07	0	-2.7615E-05	0.313432836	ASD
45	0.198933545	1.39915E-07	0	-0.000165123	0.313432836	ASD
46	5.118364115	1.03882E-07	-0.007462687	-0.001388531	0.014925373	ASD
47	1.381502127	9.18822E-08	0	3.36956E-05	0	ASD
48	1.425450569	7.86189E-08	0	3.23291E-06	0	ASD
49	0.049794214	-7.82346E-08	0	-2.30021E-07	0	ASD
50	-0.48413214	-9.98671E-08	-0.02238806	-2.67438E-06	0	ASD
51	0.442763964	6.98587E-08	0	-4.03802E-07	0	ASD
52	0.913519706	6.90364E-08	-0.007462687	-2.24881E-07	0.10199005	ASD
53	7.873494589	-9.25918E-08	-0.007462687	-5.41086E-07	0.10199005	ASD
54	2.979084685	7.65316E-08	0	-9.20533E-07	0.152985075	ASD
55	-0.082801774	-5.25551E-08	0	-2.25886E-06	0.152985075	ASD
56	1.938490076	-5.16437E-08	0	-6.00623E-06	0.2039801	ASD
57	0.908115866	3.00267E-08	-0.007462687	-1.65601E-06	0.10199005	ASD
58	0.093593062	4.18455E-08	0	-6.2589E-07	0.050995025	ASD
59	0.004975124	2.60904E-08	0	-8.96669E-08	0.2039801	ASD
60	0.766253798	-1.17172E-07	0	-1.17029E-07	0.2039801	ASD
61	-7.821648489	-3.83344E-07	-0.007462687	-9.89896E-07	0.300995025	ASD
62	2.243802438	-6.2705E-08	0	-8.4006E-06	0	ASD
63	6.138828804	2.5207E-07	0.007462687	-9.08847E-05	0	ASD
64	0.376436295	1.09148E-07	0.007462687	-0.000336821	0	ASD
65	-2.150354713	1.19859E-07	0	-0.000618895	0	ASD
66	0	1.08503E-07	0	-0.002753371	0	ASD
67	-3.354302993	1.40051E-07	0	-0.029487572	0	ASD
68	4.559298586	1.46082E-07	0	-0.078873306	0	ASD
69	-2.411277293	1.41821E-07	0	-0.266947425	0	ASD
70	23.08383522	5.42369E-07	0.007462687	-0.094885377	0	ASD
71	3.790196351	2.65616E-07	0	0.00487594	-0.129353234	ASD
72	-0.311282359	1.25796E-07	0.007462687	-0.000269496	-0.063432836	ASD
73	-0.000310945	9.12938E-08	0	-0.000207613	0.007462687	ASD
74	2.914399569	2.0004E-07	0	-3.52398E-06	0.002487562	ASD
75	2.235646769	1.46015E-07	0	-4.54883E-06	0	ASD
76	-1.257782843	-1.15522E-07	0	-6.11319E-08	0	ASD
77	0.089093339	5.64365E-08	0	2.14961E-07	0	ASD
78	4.49766179	1.01209E-07	0.014925373	2.10075E-06	0	ASD
79	0.034672621	6.63595E-08	-0.007462687	1.40179E-05	0	ASD
80	0.20231415	6.74506E-08	0	4.8502E-05	0	ASD
81	2.796453205	8.26551E-08	0	-4.25945E-05	0	ASD
82	0	8.28589E-08	0	-0.000328971	0	ASD
83	2.497469866	1.00012E-07	0	-0.003536349	0	ASD
84	-0.640563075	1.23991E-07	0	-0.00029113	0	ASD
85	6.19004427	1.2316E-07	0	0.000594682	0	ASD
86	0.83462419	2.18368E-07	0	-0.000383233	0	ASD
87	3.625623379	4.10723E-07	0	-0.000174955	0	ASD
88	14.26243465	1.11019E-07	0.007462687	-0.000113814	0	ASD
89	-5.959029189	7.48499E-08	0	-0.000193943	0.002487562	ASD
90	-5.271771567	-2.15438E-08	-0.007462687	-0.001843424	-0.029104478	ASD
91	-1.377638597	9.94155E-08	0	6.02646E-05	0.104477612	ASD
92	1.373403819	3.56968E-07	0	-1.77002E-06	0	ASD
93	4.424441705	6.04961E-07	0.007462687	3.21288E-07	0	ASD
94	-0.578400245	4.2639E-07	0	3.33821E-06	0	ASD
95	0.340348431	2.98252E-07	0.007462687	1.37474E-08	0	ASD
96	-0.842909383	1.06498E-07	-0.007462687	1.14204E-06	0	ASD
97	4.140243909	1.93221E-07	0	7.29174E-08	0	ASD
98	6.299537733	2.25657E-07	0	6.07183E-08	0	ASD
99	0	-3.65759E-07	-0.014925373	4.29718E-09	0	ASD
100	-0.321524689	9.78717E-08	0	-1.67497E-08	0	ASD
101	-10.59091776	1.29371E-07	-0.029850746	-6.79332E-08	0	ASD
102	0.23910489	1.08112E-07	0	3.86634E-09	0.004975124	ASD
103	1.37521335	-1.49157E-07	0	1.80126E-06	0.014925373	ASD
104	-1.007823569	1.07528E-07	0	3.28616E-06	0.002487562	ASD
105	-7.689128732	1.14745E-07	0	1.15089E-05	0.004975124	ASD
106	0	1.02518E-07	0	1.09138E-06	-0.34079602	ASD
107	-1.838688373	7.89399E-08	0.044776119	-2.53995E-07	-0.087064677	ASD
108	-2.641382883	9.96405E-08	0	5.66961E-07	-0.345771144	ASD
109	-4.575245587	7.21247E-08	0.014925373	-8.4625E-06	0.021144279	ASD
110	0.241959956	8.7187E-08	0.014925373	1.75084E-07	-0.345771144	ASD
111	-12.76858038	6.12796E-08	-0.014925373	-1.17678E-06	-0.002487562	ASD
112	4.068783256	9.67366E-08	-0.007462687	2.72476E-07	-0.388059701	ASD
113	0.144503488	7.72244E-08	0	-1.18092E-05	0	ASD
114	0.215300146	6.30712E-08	0	-6.79768E-05	0	ASD
115	0.070796658	1.99669E-07	0	1.38039E-06	0	ASD
116	-0.144503488	1.91191E-07	0	6.79293E-07	0	ASD
117	0.901880026	2.35823E-07	0	-1.9097E-05	0	ASD
118	1.675746715	2.00405E-07	-0.014925373	-5.23139E-05	0	ASD
119	0.274988479	1.33593E-07	0	-0.000697628	0	ASD
120	9.26043236	1.6161E-07	0.007462687	-0.004290679	0.101492537	ASD
121	-0.249885275	1.50756E-07	0	-0.003317386	0.03681592	ASD
122	4.154682482	1.90164E-07	0	-0.005043191	0	ASD
123	21.97521679	3.99491E-07	0.007462687	-0.012319589	-0.044029851	ASD
124	-17.71661417	1.80555E-07	-0.014925373	-0.002100076	-0.046162047	ASD
125	0	1.37775E-07	0	8.25202E-05	0.067164179	ASD
126	2.575838671	1.84681E-07	0	-0.000422643	-0.034825871	ASD
127	9.587093391	-3.19268E-07	-0.037313433	-0.002213052	-0.040547264	ASD
128	2.621367792	1.96077E-07	0	-0.000179567	0	ASD
129	26.02114975	3.06973E-07	-0.052238806	-3.97477E-05	0	ASD
130	-8.890193589	9.68073E-08	-0.014925373	-0.000344381	0.032338308	ASD
131	-0.465346392	2.13137E-07	-0.02238806	-0.000460766	-0.021073205	ASD
132	9.29860999	3.39259E-07	-0.037313433	0.000146244	-0.35199005	ASD
133	-39.30194283	2.86693E-07	0	8.69009E-05	-0.154228856	ASD
134	-10.68565592	1.85224E-07	-0.02238806	4.8301E-05	-0.075621891	ASD
135	-16.37032729	-1.69513E-07	-0.029850746	3.3356E-05	-0.106965174	ASD
136	7.751424407	2.17505E-07	-0.007462687	-0.000293525	-0.104477612	ASD
137	-24.68101036	1.96062E-07	-0.02238806	-0.00013745	-0.144278607	ASD
138	2.550839383	1.61251E-07	0	-6.50308E-05	-0.03681592	ASD
139	-2.324153119	-1.42504E-09	0	-2.54523E-05	-0.034825871	ASD
140	-2.650150047	1.58222E-07	0	-1.23895E-05	-0.031094527	ASD
141	-8.081625218	2.12163E-08	-0.007462687	-2.35292E-06	-0.021144279	ASD
142	0.065442655	1.11629E-07	0	4.11094E-06	-0.064676617	ASD
143	0.035229579	7.81522E-08	0	9.09506E-08	0	ASD
144	-0.030213077	7.63879E-08	0	-6.59848E-07	0	ASD
145	-3.472124223	9.94576E-08	0.007462687	-1.76446E-06	-0.032338308	ASD
146	0.015448055	1.44386E-07	0	-2.36138E-06	0.124378109	ASD
147	0	1.6268E-07	0	-3.18271E-07	0.179104478	ASD
148	5.401206066	2.1607E-07	0.007462687	1.51369E-07	0	ASD
149	-0.200710518	2.30748E-07	0	9.66663E-07	0	ASD
150	2.140214424	3.17347E-07	0.02238806	8.55533E-07	-0.201492537	ASD
151	0.869905795	2.47919E-07	-0.007462687	-2.59455E-05	-0.006218905	ASD
152	9.598726872	3.06666E-07	0	-9.04417E-05	-0.032835821	ASD
153	0.427758578	1.86071E-07	0.007462687	-3.55492E-05	-0.009950249	ASD
154	-4.33793815	2.70664E-07	0	-0.000119087	-0.006218905	ASD
155	14.16592384	2.95751E-07	-0.014925373	-0.000383694	0.009950249	ASD
156	14.21506686	2.68299E-07	0	-0.000254308	0.065671642	ASD
157	0.325702667	1.94009E-07	-0.007462687	-2.34379E-05	0.138059701	ASD
158	11.86084954	2.29326E-07	0.02238806	-8.08477E-06	0.056965174	ASD
159	6.919963468	3.15209E-07	-0.014925373	3.96707E-07	0.064676617	ASD
160	19.45411815	4.13986E-07	0.029850746	1.33221E-07	0	ASD
161	1.195067638	3.22998E-07	0	6.77685E-08	0	ASD
162	0.040365544	1.80654E-07	0	4.80801E-09	0	ASD
163	-1.154702093	2.04868E-07	0	2.23197E-08	0	ASD
164	-1.195067638	2.50034E-07	0	6.08779E-07	0	ASD
165	17.10645444	3.32537E-07	0.014925373	-4.75971E-06	0.005721393	ASD
166	59.63939895	4.16392E-07	-0.014925373	-1.88123E-05	0.000746269	ASD
167	18.22821211	1.94579E-07	-0.007462687	-4.86718E-05	0	ASD
168	84.85970402	4.34403E-07	0.007462687	-2.46971E-06	0	ASD
169	0.01675033	3.49242E-07	0.007462687	-9.77666E-07	0	ASD
170	-58.01695718	3.26214E-07	0.059701493	6.79583E-08	0.087064677	ASD
171	-64.77805016	2.63688E-07	0.014925373	4.02329E-07	0.138059701	ASD
172	15.3062583	4.94443E-07	0.007462687	2.13419E-06	0.095771144	ASD
173	35.38938698	7.6628E-07	0.037313433	3.6578E-06	0.187810945	ASD
174	-69.64056924	1.96957E-07	0	1.03558E-05	0.039054726	ASD
175	4.52025364	2.33033E-07	0	1.60017E-05	0.01767946	ASD
176	2.081767467	1.95337E-07	0	2.9875E-05	-0.042039801	ASD
177	0.304898991	1.48397E-07	-0.007462687	3.81346E-05	-0.018656716	ASD
178	-28.45308338	1.53413E-07	0	6.65454E-05	-0.002985075	ASD
179	-1.014110105	1.75346E-07	0	0.000103024	-0.033084577	ASD
180	-24.03010948	1.34862E-07	0	0.000256631	-0.052238806	ASD
181	3.35266696	1.05669E-07	0	0.00042692	-0.069651741	ASD
182	-0.468894102	1.02376E-07	-0.02238806	0.000616387	-0.082089552	ASD
183	0	1.03645E-07	0	7.36887E-05	0	ASD
184	0.081691508	1.03717E-07	0	9.5863E-05	0.001243781	ASD
185	0.028769716	8.26562E-08	-0.007462687	2.42512E-05	0.007462687	ASD
186	7.108911895	6.03034E-08	0	5.74581E-06	0.018656716	ASD
187	0	3.86378E-08	0	5.92399E-07	0	ASD
188	-16.64536219	2.29904E-08	-0.014925373	3.90707E-07	0	ASD
189	-16.42789349	3.36405E-08	0	3.96131E-08	0	ASD
190	-14.45280517	3.10967E-07	0	4.086E-07	0	ASD
191	0.104556297	6.60757E-08	0	3.40667E-05	0	ASD
192	-3.980733827	5.55602E-08	0	0.000208754	0.001243781	ASD
193	-7.780311323	6.90351E-08	0	0.001817554	0.069651741	ASD
194	-1.789398648	1.75555E-08	-0.007462687	0.000168825	0.097014925	ASD
195	-0.807065776	2.37613E-08	-0.007462687	5.43167E-05	-0.032338308	ASD
196	0.38587414	4.83864E-08	0	7.74966E-06	-0.130597015	ASD
197	0.050025631	5.22523E-08	0	2.5076E-05	0	ASD
198	1.695245111	6.93333E-08	0	0.000219314	0	ASD
199	0.958326951	7.17366E-08	0	3.79658E-05	0	ASD
200	-0.957257087	7.21913E-08	-0.007462687	0.000118535	0	ASD
201	-2.088569384	6.96081E-08	-0.007462687	2.21985E-05	0	ASD
202	1.331106063	1.45696E-07	0	1.81309E-05	0.007462687	ASD
203	1.631739373	1.69685E-07	0	2.84512E-06	0.007462687	ASD
204	3.607246189	2.03422E-07	0	6.61125E-07	0.017412935	ASD
205	3.008867451	2.02024E-07	0.007462687	4.48414E-07	0.009950249	ASD
206	2.497053447	1.61976E-07	0	4.27145E-08	0.121890547	ASD
207	-0.965095038	-8.9154E-08	-0.007462687	6.86433E-09	0.116915423	ASD
208	0.007462687	4.55401E-08	0	1.67224E-09	0	ASD
209	0.968826381	5.8071E-08	0	1.08031E-08	-0.131840796	ASD
210	0.362151327	6.37576E-08	0.007462687	2.41699E-07	-0.131840796	ASD
211	-2.723395167	6.87965E-08	-0.007462687	6.38129E-08	-0.003482587	ASD
212	0	7.15913E-08	0	1.09479E-08	0	ASD
213	-2.713737467	8.77113E-08	0	4.2246E-08	0	ASD
214	0.397580229	8.34351E-08	0	4.08135E-09	0	ASD
215	-2.875798034	5.2207E-08	0	1.43152E-06	0.004975124	ASD
216	-0.544846311	4.94014E-08	0	4.67223E-07	0.014925373	ASD
217	-8.803966964	5.0221E-08	0	5.83256E-07	0	ASD
218	-29.79870507	4.7598E-08	0	1.27436E-06	0	ASD
219	-10.85778808	3.78022E-08	0	5.99415E-07	0	ASD
220	35.61100758	5.88618E-07	0.014925373	6.07664E-07	0.012437811	ASD
221	0	4.56971E-07	0	1.08258E-06	0.037313433	ASD
222	-11.27159861	9.38259E-08	0	3.56877E-06	0.065920398	ASD
223	0	2.53546E-08	0	5.68924E-07	0.343283582	ASD
224	-17.59330752	3.04825E-08	0	2.32446E-06	0.035820896	ASD
225	-0.011162854	3.81476E-08	0	2.47974E-06	0.002487562	ASD
226	0.098933625	3.87067E-08	0	1.80271E-06	0.021144279	ASD
227	0.056085791	3.17986E-08	0	4.24092E-07	0	ASD
228	-0.058305485	2.38955E-08	0	4.13144E-08	0	ASD
229	-0.180797191	1.37381E-08	0	4.50271E-09	0	ASD
230	-0.076128058	-1.70721E-08	0	5.25709E-09	0	ASD
231	-0.003025055	-9.74481E-09	-0.02238806	4.99547E-08	0	ASD
232	0.031732563	-1.73749E-08	-0.007462687	8.07211E-07	0	ASD
233	-0.044336156	1.56628E-08	-0.007462687	2.82848E-06	0	ASD
234	0.041248281	4.41526E-08	-0.007462687	1.1095E-06	0	ASD
235	-0.032122371	3.94635E-08	0	1.7014E-06	0.024875622	ASD
236	0.000373134	3.24239E-08	0	1.72316E-06	0.02238806	ASD
237	0.060720409	4.49103E-08	0	8.27921E-07	0.02238806	ASD
238	0.712728013	5.56978E-08	0	4.70839E-06	0.010234542	ASD
239	-3.63550817	4.83097E-08	-0.029850746	1.1908E-05	0.014818763	ASD
240	6.376976809	5.81072E-08	0	2.23189E-05	0.008457711	ASD
241	-4.708730747	1.49027E-08	-0.014925373	1.46892E-05	0	ASD
242	0	5.45261E-09	0	2.19583E-06	0	ASD
243	-1.963530271	3.20291E-07	-0.007462687	5.2598E-06	0	ASD
244	-0.015424791	2.58934E-07	0	1.88753E-06	0.007462687	ASD
245	0.036326306	1.49489E-08	0	8.97085E-06	0.358208955	ASD
246	1.232911086	1.85823E-08	0.014925373	1.80951E-05	0.060945274	ASD
247	-1.477146516	2.60976E-07	-0.037313433	7.90521E-05	0.065920398	ASD
248	3.291130926	1.13565E-08	0.007462687	0.000129902	0.002487562	ASD
249	9.999948426	4.45443E-07	-0.007462687	0.000362303	0.012686567	ASD
250	17.97460204	5.73657E-07	0	0.000372675	0.110945274	ASD
251	7.176700454	5.12291E-07	-0.007462687	1.69215E-05	0	ASD
252	59.51725311	7.13522E-07	0.037313433	4.61892E-05	0	ASD
253	26.19020354	6.91313E-07	0	2.32263E-05	0.006467662	ASD
254	-37.37950031	6.37438E-08	0	1.03101E-05	-0.024378109	ASD
255	-22.00064644	6.57523E-08	0	1.1788E-05	-0.007462687	ASD
256	-30.15556908	6.43871E-08	0	4.73414E-06	0	ASD
257	-6.527053122	1.03249E-07	-0.007462687	3.17275E-06	0	ASD
258	-13.13074075	4.59696E-08	-0.007462687	7.62256E-07	-0.05199005	ASD
259	-2.883223936	4.24274E-08	-0.014925373	2.56262E-07	-0.07039801	ASD
260	-0.526161559	3.57975E-08	0	3.03149E-08	-0.380597015	ASD
261	-0.496310813	3.08621E-08	0	1.82987E-09	-0.395522388	ASD
262	-0.466460067	2.70625E-08	0	1.78108E-10	0	ASD
263	-0.43660932	2.40571E-08	0	1.73379E-11	0	ASD
264	0.314632931	3.32339E-08	0	1.70412E-12	0	ASD
265	0.823630311	7.24349E-08	0	3.3551E-13	0	ASD
266	0.561236186	7.09924E-08	0	1.77547E-12	0	ASD
267	0.511236186	8.35034E-08	0	1.8077E-11	0	ASD
268	0.48138544	1.00013E-07	0	1.85693E-10	0	ASD
269	0.451534693	1.22479E-07	0	1.91062E-09	0	ASD
270	4.118788532	1.54242E-07	-0.029850746	1.96147E-08	-0.126865672	ASD
271	25.79413184	2.85923E-07	0.007462687	8.5684E-08	0	ASD
272	-5.948071347	6.88132E-08	0	5.23976E-07	-0.059950249	ASD
273	-315.8530719	9.52705E-08	0.007462687	2.34291E-06	-0.014676617	ASD
274	241.8502091	8.88469E-07	0.02238806	5.80956E-06	0.001243781	ASD
275	-72.36932508	7.68085E-08	0	1.12422E-05	0	ASD
276	51.68904219	6.75359E-07	-0.007462687	4.53097E-05	0.003731343	ASD
277	-22.97899128	9.62833E-08	0.029850746	0.000229876	0.019758351	ASD
278	-1.848855966	5.40936E-07	0	0.000515603	0.008457711	ASD
279	3.108109442	4.7825E-07	0.007462687	0.000717477	-0.014925373	ASD
280	24.92969534	5.05169E-07	0	0.002740831	-0.004975124	ASD
281	-1.157616537	2.7501E-07	-0.007462687	0.006986525	0	ASD
282	0.092331518	3.96195E-08	0	0.000112217	0	ASD
283	0.092331518	3.12689E-08	0	0.004889897	0.007462687	ASD
284	0	1.8283E-08	0	0.000476936	0.007462687	ASD
285	-0.092331518	2.29028E-08	0	5.05991E-05	0	ASD
286	-5.426659307	2.96464E-08	0	4.72116E-05	0	ASD
287	-0.182428968	3.69847E-08	0	0.000172017	0.004975124	ASD
288	0	2.85785E-08	0	0.001343439	0.009950249	ASD
289	0	2.85603E-08	0	0.004973545	-0.380597015	ASD
290	-15.90928205	3.7469E-08	0	0.281107694	-0.060945274	ASD
291	0.002387222	2.94146E-08	0.007462687	0.000810327	0	ASD
292	-0.000621891	2.25903E-08	0	0.004971881	0	ASD
293	-0.002387222	2.86694E-08	0	0.001801507	-0.067164179	ASD
294	0.33192996	3.01603E-08	0.014925373	0.007769115	0.111940299	ASD
295	-0.379542947	3.49616E-08	0	0.050692539	-0.003731343	ASD
296	-0.173549365	3.49616E-08	0	0.014248152	-0.042288557	ASD
297	0.002487562	2.77514E-08	0.007462687	0.00296457	0.116915423	ASD
298	0	2.70982E-08	0	0.000300735	0.116915423	ASD
299	0.017042093	4.7007E-08	0	0.000300686	-0.014925373	ASD
300	-25.38401185	6.16341E-08	0	0.002213119	-0.002985075	ASD
301	-0.04064331	3.45113E-08	0	0.000593122	0.380597015	ASD
302	-0.056766005	3.65907E-08	0	0.00104239	0.380597015	ASD
303	-10.0364099	3.71174E-08	0	0.005102371	0.126865672	ASD
304	-17.32959612	7.90517E-08	0	0.050176667	-0.027452026	ASD
305	0	6.05054E-08	0	0.001693414	-0.380597015	ASD
306	1.439419753	3.33848E-07	-0.007462687	0.008770893	-0.060945274	ASD
307	0.04901188	2.58112E-07	0	0.000865664	0	ASD
308	0.001865672	2.20916E-07	0	0.000196369	0	ASD
309	0.883598566	2.79041E-07	-0.007462687	0.001168489	0	ASD
310	0.29377721	2.21282E-07	0	0.000172717	0	ASD
311	0.29377721	1.79764E-07	0	1.69901E-05	0	ASD
312	0	1.52667E-07	0	3.28031E-06	0	ASD
313	-0.29377721	5.11079E-08	0	1.69901E-05	0	ASD
314	-0.29377721	6.2456E-08	0	0.000172717	0	ASD
315	-0.084805709	7.80503E-08	0	0.001772155	0	ASD
316	-5.581409986	1.57558E-07	-0.029850746	0.007233852	0	ASD
317	0.902525346	7.95857E-08	0	0.002788529	-0.002487562	ASD
318	1.15546252	7.82111E-08	0	0.000938001	0.001243781	ASD
319	-1.904278359	7.57753E-08	0	0.000195572	-0.063432836	ASD
320	-9.463781158	1.03638E-07	0	3.04434E-05	-0.129353234	ASD
321	-2.401246655	1.06743E-07	0	9.97877E-06	0	ASD
322	0.002357338	8.13457E-08	0	1.69223E-05	0	ASD
323	0	7.51727E-08	0	1.67329E-06	0	ASD
324	-0.002357338	9.47172E-08	0	4.10817E-07	0	ASD
325	-37.96099146	1.27389E-07	0	2.56551E-06	0	ASD
326	106.4213205	6.51982E-07	0.029850746	4.96745E-07	0.001243781	ASD
327	-0.065118756	4.6847E-07	0	5.24722E-08	0.007462687	ASD
328	6.780204648	2.81145E-07	0.007462687	2.34466E-07	0.001243781	ASD
329	-2.939162111	2.13573E-07	0	5.25757E-08	0	ASD
330	-2.946624798	1.6803E-07	0	8.6257E-10	0	ASD
331	-2.706607621	1.46706E-07	0	1.48254E-10	0	ASD
332	-0.708479135	1.71151E-07	0	1.48126E-11	0	ASD
333	1.994397143	4.33062E-07	0.007462687	5.18854E-12	0	ASD
334	-2.258135842	3.03822E-07	0	3.8931E-11	0	ASD
335	2.946624798	3.7432E-07	0.02238806	7.83093E-10	0	ASD
336	-7.275444369	1.92237E-07	0.007462687	4.14338E-09	0	ASD
337	10.97773737	2.37136E-07	0.007462687	1.55265E-08	0.002487562	ASD
338	0	1.85368E-07	0	3.52834E-08	0	ASD
339	0.394833883	1.9802E-07	0	3.49797E-07	-0.380597015	ASD
340	0	7.78583E-08	0	6.73783E-08	-0.380597015	ASD
341	1.64641666	9.93658E-08	0.007462687	3.45363E-06	-0.126865672	ASD
342	0.359414438	9.39256E-08	0	2.54611E-05	0.015422886	ASD
343	-4.525112778	9.4676E-08	-0.007462687	4.42184E-05	0	ASD
344	-1.565360138	8.62254E-08	0	0.000173624	-0.025621891	ASD
345	1.506190526	7.43517E-08	0	0.000377197	0	ASD
346	-0.166446374	7.13952E-08	0	0.000709226	-0.007711443	ASD
347	1.99877828	5.49128E-08	0	0.000678842	0.004442075	ASD
348	-0.69998251	2.45075E-08	-0.007462687	0.000275312	0	ASD
349	0.089318705	5.39344E-08	0	5.67007E-05	0	ASD
350	-0.795654793	5.07714E-08	0	2.77147E-05	-0.035572139	ASD
351	-0.848402403	3.9441E-08	0	2.70088E-06	0	ASD
352	-0.850522484	3.13129E-08	0	2.63208E-07	0	ASD
353	-0.852642565	2.53003E-08	0	2.56504E-08	0	ASD
354	-0.867207965	2.00922E-08	0	2.4997E-09	0	ASD
355	-1.007342258	1.02678E-08	0	2.43603E-10	0	ASD
356	-1.223434854	7.54832E-09	0	2.37398E-11	0	ASD
357	-0.608576187	1.24484E-07	0	2.31349E-12	0	ASD
358	0.436949986	1.43208E-07	0	2.25436E-13	0	ASD
359	0.811688056	1.82868E-07	0	2.19475E-14	0	ASD
360	0.846282321	2.14491E-07	0	2.12236E-15	0	ASD
361	0.848402403	2.5417E-07	0	1.88187E-16	0	ASD
362	0.850522484	3.05793E-07	0	-8.3048E-13	0	ASD
363	0.852642565	3.74664E-07	0	-4.47296E-12	0	ASD
364	0	3.72817E-07	0	1.41996E-07	0	ASD
365	1.975738152	4.69102E-07	0	7.35208E-07	-0.004228856	ASD
366	-0.462119572	7.20587E-08	0	1.91088E-07	-0.18159204	ASD
367	0	5.80003E-08	0	3.53798E-08	-0.037313433	ASD
368	0.462119572	3.42134E-07	0	3.38601E-08	-0.380597015	ASD
369	0.910723971	4.30685E-07	0	1.75353E-07	-0.008955224	ASD
370	-1.961696291	2.39783E-07	0	1.71555E-08	0	ASD
371	-2.860443306	1.60116E-07	0	2.41812E-09	0	ASD
372	-3.459366452	9.84396E-08	0	8.01446E-09	0	ASD
373	-3.76161801	5.02041E-08	0	8.19627E-08	0	ASD
374	-3.579814894	5.57177E-08	0	8.55221E-07	0	ASD
375	-2.977533213	9.75089E-08	0	-3.68228E-05	0	ASD
376	-2.112473313	1.1509E-07	-0.007462687	-0.00015325	0.034825871	ASD
377	-0.060326893	1.42956E-07	0	-2.33264E-05	-0.126865672	ASD
378	2.812998335	2.59409E-07	0.007462687	-2.39435E-06	-0.380597015	ASD
379	-0.306185537	6.77754E-08	0	-2.47997E-06	-0.063432836	ASD
380	0.808488577	5.42129E-08	0	-4.61849E-07	0	ASD
381	0.808488577	4.43485E-08	0	1.43531E-10	0	ASD
382	0.808488577	3.69844E-08	0	1.37757E-11	0	ASD
383	0.676417289	3.04961E-08	0	1.32217E-12	0	ASD
384	0.214664714	2.04001E-09	0	1.26904E-13	0	ASD
385	-0.448031702	-1.57623E-08	0	1.23212E-14	0	ASD
386	-0.72428633	-1.65438E-08	0	2.77134E-15	0	ASD
387	-0.713123743	-1.66692E-08	0	1.67296E-14	0	ASD
388	-0.780882835	-1.79887E-08	0	1.70715E-13	0	ASD
389	-0.805766295	-2.17737E-08	0	1.75184E-12	0	ASD
390	-0.808488577	-2.63687E-08	0	1.79765E-11	0	ASD
391	-0.808488577	-3.20239E-08	0	1.84464E-10	0	ASD
392	-0.437508551	-3.97115E-08	0	1.89286E-09	0	ASD
393	0.370980026	-3.17688E-08	0	1.56568E-08	0	ASD
394	1.5099E-14	-2.59893E-08	0	1.61708E-07	0	ASD
395	-0.370980026	-5.81255E-08	0	1.7261E-08	0	ASD
396	-0.370980026	-7.14215E-08	0	1.71213E-08	0	ASD
397	-8.855620768	-8.98582E-08	-0.007462687	1.60278E-07	0	ASD
398	2.367613054	4.73064E-08	0	1.18247E-07	0	ASD
399	0	7.39973E-08	0	3.2006E-07	0	ASD
400	9.385271655	6.01513E-08	0	1.65785E-06	0.00199005	ASD
401	1.061904062	9.40917E-08	-0.007462687	1.3714E-06	0.014925373	ASD
402	0	-1.15362E-08	0	5.13686E-07	0.373134328	ASD
403	-8.369398822	-1.46613E-08	-0.014925373	3.95035E-06	0.030845771	ASD
1	1.656716678	-1.84642E-08	-0.004683841	3.72902E-08	0	Cancer
2	0.120621361	4.12141E-08	0.004683841	2.39879E-07	0.00234192	Cancer
3	0.084959595	2.32812E-08	0.00234192	5.48127E-07	0.00234192	Cancer
4	0.167338873	-9.25617E-08	0	-1.36318E-07	0.005464481	Cancer
5	-6.275936272	8.99982E-09	-0.009367681	-1.47497E-06	0.004683841	Cancer
6	0.564329081	-1.16351E-07	0.018735363	-2.59427E-07	-0.130366901	Cancer
7	-4.031221135	-1.8729E-07	-0.00234192	2.71791E-06	-0.405152225	Cancer
8	-21.32719361	-3.8081E-08	0	-3.36606E-06	-0.133489461	Cancer
9	1.860469039	-1.26429E-07	0.00234192	-1.6323E-05	0.06518345	Cancer
10	0.027062191	-3.49504E-08	0.016393443	-2.78366E-06	-0.272443404	Cancer
11	-28.27889407	-4.50624E-08	-0.004683841	-3.29725E-06	0.06284153	Cancer
12	-27.36857541	-3.51001E-08	0	-6.52921E-07	0	Cancer
13	-17.92631215	4.18513E-07	0.00234192	4.19151E-09	0	Cancer
14	0.471499411	1.08228E-06	0.007025761	4.02266E-10	0	Cancer
15	12.0186375	1.58734E-06	0.011709602	1.89398E-09	0	Cancer
16	21.48581274	1.81E-06	0.009367681	8.42909E-08	0	Cancer
17	9.165102424	1.13807E-06	0.00234192	7.12101E-09	0	Cancer
18	-7.110468704	4.40255E-07	0	2.24886E-09	0	Cancer
19	-16.18961771	-2.61371E-08	0	2.16202E-10	0	Cancer
20	-19.1502033	-1.84662E-07	0	2.07915E-11	0	Cancer
21	-19.19729783	-2.2319E-07	-0.00234192	-8.72956E-10	0	Cancer
22	4.465272254	-1.59746E-07	0	-8.41217E-10	0	Cancer
23	-18.47205886	-1.94873E-07	0.00234192	-4.5855E-08	0	Cancer
24	1.028566971	-1.59898E-07	0.004683841	-5.26757E-07	0	Cancer
25	-17.3773233	-2.64503E-07	-0.00234192	-5.47469E-06	0	Cancer
26	5.175855348	-2.11434E-07	0.004683841	-6.75776E-06	0	Cancer
27	0.003917961	-2.19547E-07	-0.011709602	-0.000104734	-0.068696331	Cancer
28	-7.186354644	-1.35891E-08	-0.009367681	4.53364E-05	-0.137392662	Cancer
29	1.108923448	-1.18642E-08	0.00234192	0.000203316	0.00078064	Cancer
30	0.222959507	-1.74848E-07	-0.023419204	0.000127406	-0.069086651	Cancer
31	0.110269338	-1.76002E-07	0.004683841	0.000106845	-0.405152225	Cancer
32	-2.838180925	-2.35635E-07	-0.007025761	0.000279638	-0.135050742	Cancer
33	0.284601996	-1.01176E-07	0.00234192	0.000693269	-0.066042155	Cancer
34	-36.45753611	-3.41511E-07	-0.014051522	-0.000688846	0.003278689	Cancer
35	26.58461434	1.1847E-08	-0.007025761	-0.002232062	0.064949258	Cancer
36	0.33440679	-2.97657E-07	-0.004683841	-0.000401425	0.00234192	Cancer
37	-5.275179705	-2.03412E-07	-0.016393443	-0.001128657	0	Cancer
38	-1.316076817	-1.65505E-07	-0.011709602	5.63846E-05	0.00234192	Cancer
39	-1.688020336	-2.27256E-07	-0.011709602	6.21363E-06	0.006245121	Cancer
40	0.20759623	-1.82646E-07	0	-3.50467E-08	0.007025761	Cancer
41	0.023781644	-1.44559E-07	0	-3.50966E-05	0.007025761	Cancer
42	-0.787436914	-1.8087E-07	0	-0.000170628	-0.137392662	Cancer
43	0.091992314	5.14794E-08	0.004683841	-0.000171762	-0.433255269	Cancer
44	0.139889617	-1.20561E-07	0	-3.03749E-05	0.327868852	Cancer
45	7.804634652	-1.54552E-07	0	-0.000184497	0.327868852	Cancer
46	-0.276424606	-3.06534E-07	-0.007025761	-0.001629271	0.012177986	Cancer
47	-2.128104927	-2.21909E-07	0.004683841	3.72835E-05	0	Cancer
48	7.240837005	1.01397E-07	0.023419204	3.54278E-06	0	Cancer
49	1.005570796	-2.42993E-08	0.004683841	2.17982E-07	0	Cancer
50	4.833440674	-1.78977E-07	-0.004683841	2.35811E-06	0	Cancer
51	0.458521958	-1.05276E-07	-0.004683841	-2.08514E-08	0	Cancer
52	0.949868946	-1.05863E-07	-0.007025761	-1.16998E-07	0.128805621	Cancer
53	0.228019155	-3.00767E-07	-0.007025761	-1.15884E-07	0.115534738	Cancer
54	3.292160355	-1.0524E-07	0	-7.40629E-07	0.173692428	Cancer
55	0.031866789	-2.31846E-07	-0.007025761	-2.22925E-06	0.177205308	Cancer
56	1.093508582	-2.27398E-07	0	-6.04021E-06	0.228727557	Cancer
57	1.312849832	-1.07296E-07	-0.004683841	-1.66529E-06	0.117096019	Cancer
58	0.050082031	-6.54811E-08	-0.004683841	-6.27199E-07	0.06245121	Cancer
59	0.614952907	2.88165E-08	0.018735363	-8.95902E-08	0.227556596	Cancer
60	0.013161745	-2.66784E-07	-0.00234192	-1.25737E-07	0.224824356	Cancer
61	-6.652869367	-4.93403E-07	-0.00234192	-1.08644E-06	0.31537861	Cancer
62	1.450235385	-2.19348E-07	0.009367681	-6.83344E-06	0.00234192	Cancer
63	4.720553058	6.80939E-08	0.007025761	-9.82027E-05	0.00156128	Cancer
64	-0.95750996	-2.29756E-07	0.007025761	-0.000367274	0.00156128	Cancer
65	-19.67505681	-3.04405E-07	-0.030444965	-0.000655929	0.00039032	Cancer
66	6.0126846	-8.41126E-08	0.018735363	-0.003132289	0	Cancer
67	-21.10143804	-1.46481E-07	-0.014051522	-0.033361997	0.00039032	Cancer
68	10.14249128	-8.74724E-08	0.00234192	-0.087178506	0.00078064	Cancer
69	-22.1332452	-4.21647E-08	-0.009367681	-0.290602351	0	Cancer
70	242.8684113	3.09301E-06	0.081967213	-0.104811309	0	Cancer
71	-2.224823867	1.89218E-08	0.00234192	0.006488556	-0.151444184	Cancer
72	1.556194695	3.19964E-07	0.00234192	-0.000276334	-0.075331772	Cancer
73	1.081490726	2.75154E-07	0.00234192	-0.000190552	0	Cancer
74	0.158869313	-7.10802E-08	0	1.82734E-05	0.00078064	Cancer
75	1.786437829	-3.18626E-08	0	-3.3537E-06	0	Cancer
76	-0.570292836	-2.26981E-07	-0.00234192	1.20437E-07	0	Cancer
77	1.039911086	-2.64838E-08	0	4.43912E-07	0	Cancer
78	3.562533135	-1.26883E-07	0.00234192	3.38882E-06	0	Cancer
79	0.768532865	-6.97237E-08	-0.004683841	3.31481E-05	0	Cancer
80	0.126979373	-3.42351E-08	0	8.4809E-05	0	Cancer
81	2.804430456	-4.05088E-08	0	-4.30949E-05	0	Cancer
82	0	-4.30995E-08	0	-0.000337925	0	Cancer
83	5.206782944	-5.75217E-08	0.007025761	-0.003739827	0.000234192	Cancer
84	-3.329186083	-2.80648E-07	-0.007025761	0.000415361	0	Cancer
85	21.40401129	-2.53893E-08	-0.00234192	0.001138776	0	Cancer
86	0.787200085	2.51134E-08	-0.00234192	-0.000300305	0	Cancer
87	23.52636077	2.33517E-06	-0.004683841	-0.000110232	0	Cancer
88	9.82295103	2.6126E-07	-0.00234192	3.27051E-05	0	Cancer
89	7.043152265	2.59961E-07	-0.004683841	1.37589E-05	0.00078064	Cancer
90	-66.26803337	5.58632E-08	0.00234192	-0.001939687	-0.025136612	Cancer
91	1.986295453	1.09959E-07	0	8.15996E-05	0.18735363	Cancer
92	2.382849314	1.40075E-07	0.004683841	-2.55914E-06	0	Cancer
93	-1.020052939	-1.26863E-07	0.00234192	1.01124E-07	0	Cancer
94	-1.762074046	-3.32778E-07	0.00234192	1.0658E-06	0	Cancer
95	-82.89256426	-6.47458E-07	-0.00234192	7.6972E-08	0	Cancer
96	-53.55986397	-2.8141E-07	0.009367681	1.47836E-06	0	Cancer
97	35.0488202	-2.5407E-08	0.007025761	3.56115E-07	0	Cancer
98	15.39589227	2.27078E-07	0.004683841	1.05122E-07	0.007025761	Cancer
99	0	-3.02189E-08	-0.00234192	4.5574E-08	0.005464481	Cancer
100	-4.064085596	1.8198E-07	0.011709602	-5.32997E-09	0.00234192	Cancer
101	-23.77045268	1.37739E-08	-0.004683841	-1.41835E-08	0	Cancer
102	-0.128250641	3.26403E-08	0	5.55863E-07	0.00078064	Cancer
103	0.09347668	-7.72751E-09	0.00234192	4.10396E-06	0.00234192	Cancer
104	3.323378073	2.91333E-08	0	4.68931E-06	0.00039032	Cancer
105	-2.383600975	5.509E-08	-0.007025761	1.54412E-05	0.00039032	Cancer
106	0.375204262	5.62869E-08	0.016393443	1.68183E-06	-0.369242779	Cancer
107	1.116784196	4.09749E-08	0.007025761	4.17332E-10	-0.076502732	Cancer
108	-4.297184707	-1.58531E-10	-0.009367681	9.10303E-07	-0.370023419	Cancer
109	3.020417842	4.65483E-08	0.016393443	-8.73289E-06	0.041764247	Cancer
110	0.069076883	-3.54615E-08	-0.007025761	3.17654E-07	-0.362217018	Cancer
111	4.14899295	-1.15416E-08	-0.009367681	-1.11477E-06	0.070257611	Cancer
112	-2.006203014	-1.81004E-07	-0.018735363	7.82153E-07	-0.443403591	Cancer
113	-0.734070225	-1.46829E-07	0.00234192	-1.15463E-05	0	Cancer
114	0.002894173	-1.21526E-07	0	-7.38783E-05	0	Cancer
115	1.050940844	9.3118E-08	0.00234192	2.19238E-06	0	Cancer
116	-0.686958261	-1.55263E-08	0	1.14539E-06	0	Cancer
117	-0.915108679	-1.79441E-08	-0.004683841	-1.91387E-05	0	Cancer
118	5.024193519	-4.02682E-08	-0.014051522	-3.06385E-05	0	Cancer
119	-1.75949806	-1.19027E-07	-0.018735363	-0.000708439	0	Cancer
120	-5.523814377	-1.69026E-07	-0.00234192	-0.004595408	0.107806401	Cancer
121	-0.214406162	-8.61556E-08	-0.00234192	-0.0028785	0.042701015	Cancer
122	-59.93146038	-1.84975E-07	-0.00234192	-0.004024156	0	Cancer
123	12.39821095	3.42711E-08	0.014051522	-0.012803206	-0.049269544	Cancer
124	-130.9529398	-4.07389E-07	-0.056206089	-0.001543962	-0.052559384	Cancer
125	0.217038692	-1.90707E-07	0.004683841	0.000191549	0.06167057	Cancer
126	11.856324	-3.78504E-08	-0.011709602	-0.000453862	-0.030054645	Cancer
127	27.89050444	-2.56114E-07	-0.016393443	-0.002442344	-0.024199844	Cancer
128	1.002980253	3.93711E-08	0.004683841	-0.000190611	0	Cancer
129	48.90148343	2.11701E-07	-0.037470726	-9.08915E-06	0	Cancer
130	218.626084	5.28914E-08	0.077283372	-0.000339576	0.06049961	Cancer
131	-155.4089161	-1.96698E-07	-0.025761124	-0.000336491	-0.014910226	Cancer
132	32.72558915	1.9115E-07	-0.018735363	0.000300764	-0.348555816	Cancer
133	-4.514685407	7.41562E-08	0	0.000156325	-0.120218579	Cancer
134	-17.52078726	-3.00012E-08	-0.016393443	7.96457E-05	-0.057533177	Cancer
135	-9.630325538	-1.98973E-07	-0.004683841	5.43389E-05	-0.099921936	Cancer
136	15.44168088	2.28822E-08	-0.00234192	-0.000302444	-0.099141296	Cancer
137	4.47584077	3.40103E-08	-0.004683841	-0.000139636	-0.112021858	Cancer
138	0.365910814	6.18559E-08	-0.004683841	-6.47783E-05	-0.026229508	Cancer
139	-1.248026868	-1.08283E-07	0.007025761	-2.16405E-05	-0.027322404	Cancer
140	8.643599346	6.97577E-08	0.004683841	-1.05447E-05	-0.026151444	Cancer
141	-4.361058621	3.40114E-08	-0.00234192	-1.59525E-06	-0.015534738	Cancer
142	-1.689679912	6.58063E-08	0	2.29817E-06	-0.054254489	Cancer
143	0.11493549	1.14284E-07	0.004683841	-1.15539E-07	0	Cancer
144	1.804715718	1.6399E-07	0.018735363	-7.67141E-07	0	Cancer
145	-1.354687826	-1.62383E-08	0	-2.07894E-06	-0.026541764	Cancer
146	-0.110827757	-3.49554E-08	0.00234192	-2.22521E-06	0.170179547	Cancer
147	0.069953875	5.50166E-08	0	-3.87349E-07	0.135831382	Cancer
148	5.026125004	7.34747E-08	-0.009367681	3.10831E-07	0	Cancer
149	0.411376153	2.43166E-08	0.00234192	1.41916E-06	0.004683841	Cancer
150	0.669526519	-1.93406E-08	0	3.94724E-06	-0.302888368	Cancer
151	9.456524944	1.22352E-07	-0.009367681	-2.52746E-05	-0.011274674	Cancer
152	-12.78441222	-1.0261E-07	-0.018735363	-0.000101497	-0.023497268	Cancer
153	0.417573619	5.83816E-09	-0.00234192	-3.74084E-05	-0.010538642	Cancer
154	-4.136964579	3.6528E-08	-0.004683841	-0.000128917	-0.0019516	Cancer
155	33.93112834	1.97316E-07	-0.004683841	-0.000420023	0.005074161	Cancer
156	4.635414586	7.59064E-08	-0.014051522	-0.000282911	0.045589383	Cancer
157	0.042301724	1.44751E-07	-0.004683841	-2.72441E-05	0.096018735	Cancer
158	-2.373436368	-2.83746E-08	0.004683841	-9.36023E-06	0.041764247	Cancer
159	12.71855418	2.28027E-07	0.004683841	2.68773E-07	0.04785324	Cancer
160	10.38164159	-1.47067E-07	0.00234192	3.66717E-07	0	Cancer
161	3.903363315	-1.14981E-07	0.00234192	1.25922E-07	0	Cancer
162	0.280608988	4.83812E-08	0.00234192	8.72523E-09	0	Cancer
163	-0.352815058	6.11006E-08	0	4.5029E-08	0	Cancer
164	-0.560140276	5.85173E-08	0	1.21248E-06	0	Cancer
165	8.175952159	8.14024E-08	-0.009367681	-1.79382E-06	0.002888368	Cancer
166	26.50492659	1.02764E-07	-0.014051522	-2.07399E-05	0.000234192	Cancer
167	31.73851763	1.50492E-08	-0.007025761	-5.33407E-05	0	Cancer
168	34.78663215	5.23421E-08	0.004683841	-1.70957E-06	0	Cancer
169	64.57181848	6.6071E-08	0.021077283	-1.09165E-06	0	Cancer
170	-201.6881437	-2.9196E-07	0.014051522	-1.84853E-08	0.102654176	Cancer
171	-66.43966452	-6.37464E-08	0.004683841	-4.72387E-07	0.137782982	Cancer
172	20.21386978	1.44657E-07	0.007025761	2.90598E-06	0.106010929	Cancer
173	15.72087299	3.75884E-08	0.014051522	3.87777E-06	0.211553474	Cancer
174	-134.6645876	-3.37735E-07	-0.009367681	1.17047E-05	0.040671351	Cancer
175	40.79671574	4.57948E-08	-0.007025761	1.99525E-05	0.018685179	Cancer
176	9.327397702	-1.17343E-07	-0.004683841	3E-05	-0.043169399	Cancer
177	1.784869326	-1.32007E-07	-0.00234192	4.0393E-05	-0.031225605	Cancer
178	-2.748136586	-1.68008E-07	0	7.10407E-05	-0.012021858	Cancer
179	21.69626842	9.1337E-08	-0.009367681	0.000110016	-0.041217799	Cancer
180	37.06376951	-4.41769E-08	0	0.000277504	-0.048399688	Cancer
181	-6.011097613	-1.29085E-07	-0.044496487	0.000460507	-0.06323185	Cancer
182	7.976205861	-1.07961E-07	-0.004683841	0.000669523	-0.087041374	Cancer
183	0.040388395	4.18006E-09	-0.004683841	7.80557E-05	0.00234192	Cancer
184	0.584030659	-3.93994E-08	-0.007025761	7.09338E-05	0.00117096	Cancer
185	0.041117938	-1.14308E-07	-0.009367681	1.65385E-05	0.00234192	Cancer
186	4.492370117	-4.22666E-08	-0.007025761	3.69945E-06	0.018735363	Cancer
187	4.082929285	8.65682E-08	0.009367681	7.40422E-07	0	Cancer
188	6.796551313	-4.33607E-08	-0.007025761	2.13414E-06	0.00078064	Cancer
189	7.003449243	-2.57323E-08	0	1.03172E-05	0	Cancer
190	7.738783545	8.98414E-08	0	0.000105743	0	Cancer
191	0.912111663	5.91754E-09	0.00234192	0.000894848	0	Cancer
192	-3.370469896	-7.25997E-08	-0.007025761	0.006195707	0.00234192	Cancer
193	-6.211590457	-4.00974E-08	-0.00234192	0.041921062	0.035128806	Cancer
194	-1.381047603	-4.26668E-08	-0.00234192	0.000314576	0.111631538	Cancer
195	-3.262649489	-1.08858E-07	-0.016393443	0.000108256	-0.028883685	Cancer
196	1.484710578	6.34253E-08	0.00234192	3.31158E-05	-0.140905543	Cancer
197	0.020582455	1.24088E-08	0	5.04812E-05	0	Cancer
198	0.593521216	4.09993E-09	0	0.00028767	0	Cancer
199	1.218451085	4.27235E-09	0	0.000121208	0	Cancer
200	2.547368529	3.66328E-09	0	0.000376983	0	Cancer
201	0.17188582	-5.59303E-09	0.009367681	4.59293E-05	0	Cancer
202	1.582187127	9.59217E-08	0.007025761	2.38153E-05	0	Cancer
203	3.364856575	4.01889E-08	0.004683841	8.5485E-06	0	Cancer
204	-1.085475625	-3.37371E-07	-0.023419204	2.27308E-06	0.022638564	Cancer
205	4.479259635	-6.43698E-08	0.011709602	1.43232E-06	0.015612802	Cancer
206	0.035754685	-8.99883E-09	-0.00234192	1.7205E-07	0.12724434	Cancer
207	-0.018986725	-7.8816E-08	0.004683841	5.7301E-09	0.117876659	Cancer
208	0.095967871	-9.88929E-09	0.007025761	6.19375E-09	0.00234192	Cancer
209	-0.830294311	-1.27158E-07	0.004683841	3.02108E-08	-0.140905543	Cancer
210	1.660683043	-5.28759E-08	0.011709602	2.18511E-07	-0.141295863	Cancer
211	-0.970323113	-1.17974E-07	-0.00234192	5.36214E-08	-0.004918033	Cancer
212	0	-1.12575E-07	0	1.0899E-08	0	Cancer
213	1.434478635	-1.33022E-07	0	5.37759E-08	0	Cancer
214	0.787463222	-1.36041E-07	0.00234192	1.67718E-08	0	Cancer
215	-10.62904947	-2.12672E-07	-0.004683841	1.22001E-06	0.009367681	Cancer
216	2.839102496	-1.86011E-07	0.00234192	9.09953E-07	0.025761124	Cancer
217	1.146436793	-1.55206E-07	0	2.64672E-06	0	Cancer
218	-7.557805236	-1.29136E-07	0.00234192	4.53929E-06	0	Cancer
219	7.137429552	-1.0556E-07	0.00234192	9.39694E-06	0.00078064	Cancer
220	-0.847244367	1.72944E-08	0.00234192	7.04694E-06	0.019516003	Cancer
221	0	6.79966E-08	0.00234192	1.78128E-06	0.056206089	Cancer
222	-1.572219202	-7.1476E-08	-0.00234192	6.68396E-06	0.068540203	Cancer
223	0	-4.90082E-08	0	4.04977E-06	0.351288056	Cancer
224	-4.55174314	-6.74644E-08	0	3.40605E-05	0.035831382	Cancer
225	1.06379219	-1.03429E-07	0.004683841	7.82894E-06	0.00078064	Cancer
226	4.455639538	-1.36882E-07	0	3.46885E-06	0.015690867	Cancer
227	-3.39019533	-2.55786E-07	0.004683841	2.55946E-06	0	Cancer
228	-3.465669803	-2.15338E-07	0	2.51982E-07	0	Cancer
229	-2.384007497	-1.65526E-07	0	2.43032E-08	0	Cancer
230	3.7496942	-4.5514E-09	0.004683841	2.39284E-09	0	Cancer
231	2.769507903	7.47971E-08	0.004683841	1.56819E-09	0	Cancer
232	0.983426373	6.96481E-08	0.007025761	3.85865E-06	0	Cancer
233	0.159176066	2.9208E-08	0	1.18441E-05	0	Cancer
234	0.1455249	1.16721E-08	0.009367681	6.49757E-06	0	Cancer
235	0.072617814	9.25461E-09	0	4.55619E-06	0.042154567	Cancer
236	-5.55112E-15	6.9311E-09	0	1.89243E-06	0.051522248	Cancer
237	-0.082823217	2.91451E-09	0	3.10695E-06	0.051522248	Cancer
238	-0.663944149	4.80402E-09	0	9.87873E-06	0.013995762	Cancer
239	0.659253676	2.14425E-08	0	2.63944E-05	0.014609122	Cancer
240	0.08659289	1.57783E-08	0	7.1567E-05	0.008430913	Cancer
241	1.423141007	2.26414E-08	0	4.58719E-05	0	Cancer
242	0	3.1797E-08	0	6.92377E-06	0	Cancer
243	1.481756174	1.22296E-07	-0.00234192	2.99906E-05	0	Cancer
244	0.149406917	9.83728E-08	0	5.55752E-06	0	Cancer
245	-0.147516908	-5.39851E-08	0.00234192	1.70108E-05	0.360655738	Cancer
246	-1.067109028	-8.66259E-08	-0.004683841	8.7874E-05	0.06284153	Cancer
247	2.23152228	6.95484E-08	-0.00234192	0.000311569	0.06010929	Cancer
248	0.741441759	-4.98276E-08	0.00234192	0.000808489	0	Cancer
249	3.842375242	7.08895E-08	-0.00234192	0.003606442	0.007494145	Cancer
250	14.20753289	9.69568E-08	0	0.003300763	0.121467603	Cancer
251	2.990803698	5.82592E-08	0.007025761	0.000738961	0	Cancer
252	44.61747538	4.07818E-08	0.011709602	0.000298161	0	Cancer
253	0.130062465	-8.95969E-09	0	0.000137051	0.012958626	Cancer
254	-4.442104072	-2.12962E-07	-0.004683841	9.85749E-05	-0.017408275	Cancer
255	-3.96389613	-2.32453E-07	0	4.8029E-05	-0.013661202	Cancer
256	-22.4708158	-2.50956E-07	0.00234192	2.47501E-05	0	Cancer
257	-2.386015394	-1.73931E-07	0	3.75091E-06	0.000234192	Cancer
258	-8.910383798	-2.16904E-07	0.00234192	1.20152E-06	-0.062529274	Cancer
259	-1.238143809	-1.71862E-07	-0.004683841	3.09923E-07	-0.080640125	Cancer
260	-1.239021548	-1.41149E-07	0	3.55108E-08	-0.407494145	Cancer
261	-1.236679627	-1.17985E-07	0	2.46889E-09	-0.419203747	Cancer
262	-1.234337707	-1.00081E-07	0.00234192	2.40457E-10	0	Cancer
263	-2.364466067	-8.65858E-08	0	2.34164E-11	0	Cancer
264	0.204704419	5.54726E-10	0.00234192	2.37304E-12	0	Cancer
265	1.441774367	6.5724E-08	0	1.15907E-12	0	Cancer
266	1.241363468	7.35944E-08	0	9.60676E-12	0	Cancer
267	1.239021548	9.14073E-08	0	9.80852E-11	0	Cancer
268	1.359461509	1.16217E-07	0.007025761	1.00368E-09	0	Cancer
269	-3.342719584	-1.24461E-08	0	9.56841E-09	0	Cancer
270	2.932745158	-7.97122E-09	-0.00234192	9.76607E-08	-0.135050742	Cancer
271	23.34025278	-2.87146E-08	0.007025761	3.3416E-07	0	Cancer
272	0.35996024	-1.74638E-07	0.014051522	1.51425E-06	-0.069164715	Cancer
273	-229.1545164	-3.56943E-07	0.00234192	6.87476E-06	-0.017876659	Cancer
274	26.95921789	-1.00801E-07	0.00234192	1.64895E-05	0.00039032	Cancer
275	-27.76482316	-1.90143E-07	0	5.34441E-05	0.000468384	Cancer
276	19.15480334	-3.24361E-09	-0.007025761	0.000202545	0.011319282	Cancer
277	-18.27231098	-8.17917E-08	0.004683841	0.001013186	0.02334114	Cancer
278	1.280379325	4.27806E-08	0.00234192	0.003766057	0.01108509	Cancer
279	6.974296984	1.50487E-08	-0.007025761	0.00151914	-0.011709602	Cancer
280	20.77590027	6.57834E-08	-0.004683841	0.003287002	-0.003903201	Cancer
281	3.063636961	3.69048E-08	-0.004683841	0.00674515	0.008587041	Cancer
282	-0.360610268	-9.69321E-08	-0.004683841	0.000123245	0.010148322	Cancer
283	0.149932815	-5.22514E-08	0	0.004612594	0	Cancer
284	0.511714043	4.1866E-09	0	0.000449355	0	Cancer
285	0.382078916	3.79601E-09	0	4.76704E-05	0	Cancer
286	12.75399416	3.90021E-09	-0.004683841	4.44531E-05	0	Cancer
287	0.478540858	-1.07482E-08	0.00234192	0.000161948	0.00234192	Cancer
288	-0.00117096	-1.65374E-08	0	0.001265415	0.004683841	Cancer
289	0	-1.62943E-08	0.00234192	0.004686188	-0.407494145	Cancer
290	24.49278936	-2.14674E-08	-0.004683841	0.264668652	-0.06557377	Cancer
291	0.373692538	-1.63544E-08	0	0.000764706	0	Cancer
292	0.00175644	-1.2803E-08	0	0.004681505	0	Cancer
293	-0.372911898	-9.90087E-08	-0.00234192	0.001696591	-0.069867291	Cancer
294	0.933255269	-1.63545E-08	0	0.007315252	0.099921936	Cancer
295	0.483712362	-1.54433E-08	0.00234192	0.047729287	-0.006635441	Cancer
296	-0.66944766	-1.6526E-08	-0.007025761	0.013416794	-0.049882904	Cancer
297	0	-1.22896E-08	0.00234192	0.002792277	0.100702576	Cancer
298	0.00078064	-1.2507E-08	0	0.000284343	0.103825137	Cancer
299	0.201383939	-6.78006E-09	0	0.000284306	-0.035128806	Cancer
300	36.32490533	-8.37003E-09	-0.00234192	0.002092488	-0.007259953	Cancer
301	0.489756383	-8.83505E-08	0	0.000558879	0.386416862	Cancer
302	-0.473071776	-1.23942E-07	-0.004683841	0.000981992	0.384074941	Cancer
303	11.56950063	-1.79309E-07	-0.004683841	0.004808862	0.128415301	Cancer
304	22.30106791	-3.73877E-08	-0.025761124	0.047267238	-0.028216423	Cancer
305	0.716906745	2.80239E-08	0	0.001598359	-0.407494145	Cancer
306	21.71237692	1.0897E-07	-0.00234192	0.008270222	-0.066744731	Cancer
307	-0.174695709	8.4013E-08	0	0.000816718	0	Cancer
308	-0.00175644	7.36178E-08	0	0.000186478	0	Cancer
309	-0.537866978	9.31835E-08	-0.00234192	0.001103584	0	Cancer
310	-0.406985535	7.39146E-08	0	0.00016319	0	Cancer
311	-0.405424255	6.00877E-08	0	2.36034E-05	0	Cancer
312	0.00312256	5.15349E-08	0	3.84171E-06	0	Cancer
313	0.409327455	6.27527E-08	0	1.61614E-05	0	Cancer
314	0.406985535	7.6857E-08	0	0.000163565	0	Cancer
315	0.439988589	9.63621E-08	0	0.001679279	0	Cancer
316	2.928036427	1.0045E-07	0	0.0068659	0	Cancer
317	9.76792188	7.49611E-08	0	0.002797911	-0.004293521	Cancer
318	22.87100149	4.5993E-08	0	0.000925752	0	Cancer
319	4.272147778	-6.38767E-09	0	0.000253446	-0.069086651	Cancer
320	10.61060154	-4.81128E-08	0	9.02469E-05	-0.138173302	Cancer
321	-9.132535842	-1.6712E-07	-0.004683841	2.29987E-05	0	Cancer
322	0.154907719	-1.33543E-07	0	2.3299E-05	0	Cancer
323	0.637346684	-9.40488E-09	0.00234192	4.31224E-06	0	Cancer
324	-0.758765556	-1.19894E-07	0	1.28116E-06	0	Cancer
325	-29.32386404	-1.47675E-07	0.009367681	8.82055E-06	0.000858704	Cancer
326	66.18671173	2.28222E-07	0.021077283	1.18792E-06	0.019203747	Cancer
327	1.823686805	1.56477E-07	0	1.64796E-07	0.011709602	Cancer
328	-6.006132278	-1.31542E-07	0	9.6721E-07	0.004683841	Cancer
329	-7.882410334	-1.11693E-07	0	1.38207E-07	0	Cancer
330	-4.139294719	-2.62917E-09	0.00234192	3.27797E-09	0	Cancer
331	0.113782492	9.33544E-08	0.007025761	3.79455E-10	0	Cancer
332	0.016093178	7.50011E-08	0	3.79211E-11	0	Cancer
333	0.106397876	1.59857E-07	0	1.21993E-11	0	Cancer
334	0.204256693	1.0717E-07	0.004683841	8.81072E-11	0	Cancer
335	-3.828521138	-1.59344E-08	0.00234192	9.01967E-10	0	Cancer
336	-2.609106322	-8.37324E-08	0.016393443	1.02336E-08	0	Cancer
337	2.297541158	-8.01577E-08	-0.014051522	3.30579E-08	0.002966432	Cancer
338	2.997274172	-1.94023E-08	0.018735363	6.84009E-08	0	Cancer
339	-0.002130472	-1.0975E-07	-0.011709602	6.75423E-07	-0.418423107	Cancer
340	0.2749818	-1.23788E-07	0.00234192	1.97609E-07	-0.416861827	Cancer
341	7.450104858	-1.56699E-07	0.007025761	6.57219E-06	-0.140124902	Cancer
342	-1.193803193	-3.1498E-08	-0.00234192	4.3955E-05	0.015846995	Cancer
343	-6.56848668	-3.46628E-08	0	8.42961E-05	0	Cancer
344	9.886896011	-3.84848E-09	0	0.000259369	-0.027088212	Cancer
345	2.889817407	4.52958E-08	0	0.00054037	0	Cancer
346	4.153386191	4.81943E-08	-0.00234192	0.001217362	-0.008899297	Cancer
347	2.037934999	8.56855E-09	0	0.000981594	0.002743392	Cancer
348	1.460326178	1.13618E-08	0.004683841	0.00038331	0	Cancer
349	-0.237624355	-7.25725E-09	0	7.81544E-05	0	Cancer
350	-0.06823648	-7.55383E-09	0	3.31491E-05	-0.036924278	Cancer
351	-0.114820004	-7.17498E-09	0	3.37729E-06	0	Cancer
352	-0.111149137	-6.67645E-09	0	3.00331E-07	0	Cancer
353	-0.1073319	-6.16116E-09	0	2.92723E-08	0	Cancer
354	-0.102688768	-5.67327E-09	0	2.85309E-09	0	Cancer
355	-0.131039965	-6.06661E-09	0	2.78082E-10	0	Cancer
356	-0.123564684	-2.33827E-09	0	2.71041E-11	0	Cancer
357	-0.076710609	3.87832E-08	0.00234192	2.64458E-12	0	Cancer
358	-0.94341707	1.28376E-08	0	2.67354E-13	0	Cancer
359	0.174749537	3.032E-08	0.00234192	2.41417E-14	0	Cancer
360	0.118637242	3.46126E-08	0	2.33697E-15	0	Cancer
361	0.114820004	4.15969E-08	0	2.09659E-16	0	Cancer
362	0.111149137	5.08383E-08	0	1.42231E-10	0	Cancer
363	0.10747827	6.34078E-08	0	7.37394E-10	0	Cancer
364	0	6.29031E-08	0	2.57096E-06	0	Cancer
365	2.155242004	8.10336E-08	0	1.33038E-05	-0.007728337	Cancer
366	2.860209975	-4.50157E-08	-0.00234192	3.90571E-06	-0.200624512	Cancer
367	3.014745257	-3.13024E-08	0	7.3397E-07	-0.058548009	Cancer
368	2.424385584	-4.138E-08	0	7.12027E-07	-0.407494145	Cancer
369	0.920330653	-1.29838E-07	-0.009367681	3.67784E-06	-0.01381733	Cancer
370	1.978376144	-1.0826E-07	0	3.60741E-07	0	Cancer
371	2.902054202	-4.97129E-08	0	3.61746E-08	0	Cancer
372	4.30473262	7.5827E-08	0	1.4461E-08	0	Cancer
373	5.263371528	9.10868E-08	0	1.15195E-07	0	Cancer
374	6.543202646	1.33314E-07	0	1.1967E-06	0	Cancer
375	8.098232521	1.88517E-07	0	-3.82422E-05	0	Cancer
376	9.536763745	1.65604E-07	-0.004683841	-0.000143235	0.06245121	Cancer
377	0.110467027	1.96778E-07	0	-2.58548E-05	-0.135050742	Cancer
378	0.311400322	2.05296E-07	0.00234192	-2.65122E-06	-0.406713505	Cancer
379	-6.260835729	1.81855E-07	0.00234192	-2.7312E-06	-0.067681499	Cancer
380	1.351655797	1.43405E-07	0	-5.08947E-07	0	Cancer
381	1.352002748	1.15993E-07	0	1.98482E-10	0	Cancer
382	1.350582095	9.64497E-08	0	1.90993E-11	0	Cancer
383	1.314313615	8.39858E-08	0	1.838E-12	0	Cancer
384	1.03444156	6.03444E-08	0	1.76886E-13	0	Cancer
385	-0.117617949	3.64009E-08	0	1.71051E-14	0	Cancer
386	-1.150045481	-1.34772E-08	0	2.60539E-15	0	Cancer
387	-1.361724902	-2.05221E-08	0	1.02481E-14	0	Cancer
388	-1.395767782	-2.75888E-08	0	1.03735E-13	0	Cancer
389	-1.34742215	-2.99038E-08	0	1.06449E-12	0	Cancer
390	-1.351314828	-3.64305E-08	0	1.09233E-11	0	Cancer
391	-1.351655797	-4.45777E-08	0	1.12089E-10	0	Cancer
392	-1.362505112	-5.57456E-08	0	1.15019E-09	0	Cancer
393	-0.011087844	-4.43955E-08	0	1.56754E-07	0	Cancer
394	-0.00058548	-3.61891E-08	0	3.10714E-07	0	Cancer
395	0.010502364	-2.864E-08	0	8.96699E-09	0	Cancer
396	0.011087844	-3.51709E-08	0	1.02568E-08	0	Cancer
397	0.150304218	-4.42174E-08	0	1.39639E-06	0	Cancer
398	0.537800588	-9.17292E-08	-0.007025761	5.35026E-07	0	Cancer
399	0.298817245	-4.56905E-08	0	4.20849E-07	0	Cancer
400	-0.847714726	-6.60265E-08	-0.00234192	3.06527E-06	0.001092896	Cancer
401	0.145989527	-4.56018E-08	-0.007025761	3.14469E-06	0.012099922	Cancer
402	0	-4.18165E-08	0	1.79587E-06	0.400468384	Cancer
403	1.465027992	-5.39654E-08	-0.007025761	1.75273E-05	0.031627077	Cancer
1	-3.715857134	-7.19194E-08	0	1.32512E-08	0	ASD_Cancer
2	0	2.88269E-08	0	8.512E-08	0	ASD_Cancer
3	0	2.88269E-08	0	6.47563E-07	0	ASD_Cancer
4	-1.269770428	3.28804E-08	0	-1.13197E-07	0	ASD_Cancer
5	-17.8829109	3.47053E-08	0	-1.26928E-06	0	ASD_Cancer
6	0	3.11209E-08	0	-1.0172E-07	-0.130081301	ASD_Cancer
7	-7.245665087	1.04686E-08	0	4.19293E-06	-0.390243902	ASD_Cancer
8	-58.46480915	3.65505E-08	0	-2.57673E-06	-0.130081301	ASD_Cancer
9	-6.404403346	1.04686E-08	0	-1.52971E-05	0.06504065	ASD_Cancer
10	0	1.09567E-08	0	-2.1644E-06	-0.260162602	ASD_Cancer
11	-75.57589607	-9.029E-09	0	-3.22012E-06	0.06504065	ASD_Cancer
12	-70.23342232	3.46352E-08	0	-6.18373E-07	0	ASD_Cancer
13	-46.04994709	1.82621E-06	0	2.11188E-09	0	ASD_Cancer
14	27.04069196	4.17143E-06	0.024390244	2.04931E-10	0	ASD_Cancer
15	70.14759441	4.98483E-06	0.097560976	2.70749E-11	0	ASD_Cancer
16	35.45183773	3.97118E-06	0	3.86897E-07	0	ASD_Cancer
17	11.08278464	2.16093E-06	0	3.70796E-08	0	ASD_Cancer
18	-22.36243979	5.64614E-07	0	3.55366E-09	0	ASD_Cancer
19	-40.74062486	-1.89931E-07	0	3.40578E-10	0	ASD_Cancer
20	-43.70637343	-3.33013E-07	0	3.26489E-11	0	ASD_Cancer
21	-43.6343087	-3.87411E-07	0	-8.23709E-10	0	ASD_Cancer
22	0	-3.75324E-07	0	-7.25357E-09	0	ASD_Cancer
23	-43.11235748	-4.54196E-07	0	-7.73184E-08	0	ASD_Cancer
24	0	-4.38783E-07	0	-6.71019E-07	0	ASD_Cancer
25	-43.57048139	-5.42963E-07	-0.048780488	-2.24873E-06	0	ASD_Cancer
26	26.24955755	-3.02213E-07	0.024390244	-1.2378E-06	0	ASD_Cancer
27	-0.292213889	-3.51587E-07	0	-1.06955E-05	-0.06504065	ASD_Cancer
28	15.48294367	1.03639E-07	0	4.49667E-06	-0.130081301	ASD_Cancer
29	0.017982249	7.71854E-08	0	8.24385E-05	0	ASD_Cancer
30	1.569260097	5.65908E-08	0	4.33567E-05	-0.06504065	ASD_Cancer
31	0	-2.83632E-07	0	4.62182E-05	-0.390243902	ASD_Cancer
32	-5.400971085	-3.64473E-07	0	1.87184E-05	-0.130081301	ASD_Cancer
33	5.712792174	8.00544E-08	0	0.000190336	-0.06504065	ASD_Cancer
34	-96.43617034	-6.78615E-07	-0.024390244	-0.001197218	0.004065041	ASD_Cancer
35	40.87105116	7.44788E-08	0	-0.002002889	0.053658537	ASD_Cancer
36	-5.644263506	1.04581E-09	-0.048780488	-0.000468024	0	ASD_Cancer
37	26.94668012	8.88924E-08	0	-0.000804727	0	ASD_Cancer
38	23.83446401	6.85674E-08	0	-7.56965E-05	0	ASD_Cancer
39	2.060333328	7.32615E-08	0	-2.29294E-05	0	ASD_Cancer
40	0.005642309	5.81703E-08	0	-1.58423E-06	0	ASD_Cancer
41	0	4.74905E-08	0	-2.85409E-05	0	ASD_Cancer
42	1.970750638	5.84252E-08	0	-0.00012244	-0.130081301	ASD_Cancer
43	-0.00596206	3.16256E-08	0	-0.000128965	-0.390243902	ASD_Cancer
44	-1.982355007	2.82461E-08	0	-2.6458E-05	0.292682927	ASD_Cancer
45	-2.082018486	3.54047E-08	0	-0.000169113	0.292682927	ASD_Cancer
46	0.972424074	6.99609E-08	0	-0.001219495	0.009756098	ASD_Cancer
47	0.061218595	5.56966E-08	0	5.42147E-05	0	ASD_Cancer
48	0.002591845	4.77729E-08	0	5.19649E-06	0	ASD_Cancer
49	-0.05862675	4.41155E-08	0	-8.39639E-08	0	ASD_Cancer
50	0.8598747	5.43604E-08	0	-3.03404E-06	0	ASD_Cancer
51	0	4.49648E-08	0	-4.07592E-07	0	ASD_Cancer
52	0.094226988	4.81094E-08	0	-2.29844E-07	0.097560976	ASD_Cancer
53	22.52317068	1.94262E-08	0	-5.61367E-07	0.097560976	ASD_Cancer
54	6.321648281	4.80379E-08	0	-9.35503E-07	0.146341463	ASD_Cancer
55	0.136857977	9.95017E-09	0	-2.28321E-06	0.146341463	ASD_Cancer
56	8.833899451	1.30133E-08	0	-6.06679E-06	0.195121951	ASD_Cancer
57	-2.456724345	-1.27356E-07	-0.024390244	-1.6782E-06	0.097560976	ASD_Cancer
58	0.276389865	-4.43984E-08	0	-6.39854E-07	0.048780488	ASD_Cancer
59	0.016260163	-1.00155E-07	0	-8.98614E-08	0.195121951	ASD_Cancer
60	-0.688250804	-6.15363E-07	0	-1.21233E-07	0.195121951	ASD_Cancer
61	-36.9196622	-1.53816E-06	-0.024390244	-1.03069E-06	0.276422764	ASD_Cancer
62	7.390449159	-4.41268E-07	0	-8.54946E-06	0	ASD_Cancer
63	15.97109744	4.54987E-08	0	-9.38633E-05	0	ASD_Cancer
64	3.79202382	7.24468E-08	0.024390244	-0.000337495	0	ASD_Cancer
65	-33.71314581	2.93773E-08	-0.024390244	-0.000623343	0	ASD_Cancer
66	0	2.09805E-08	0	-0.002882339	0	ASD_Cancer
67	-16.47442629	2.37788E-08	0	-0.030191112	0	ASD_Cancer
68	10.98557433	6.48297E-08	0	-0.063397157	0	ASD_Cancer
69	0.449064842	5.90895E-08	0	-0.25159495	0	ASD_Cancer
70	1.610640546	7.54574E-08	0	-0.086931215	0	ASD_Cancer
71	-4.458939054	2.10665E-08	0	0.006274197	-0.130081301	ASD_Cancer
72	0.210885735	6.97614E-08	0.024390244	-0.000234441	-0.06097561	ASD_Cancer
73	-0.00101626	5.51857E-08	0	-0.000212945	0.024390244	ASD_Cancer
74	-0.608858036	1.63815E-08	0	7.42433E-06	0.008130081	ASD_Cancer
75	-0.292392249	1.69878E-08	0	-4.2007E-06	0	ASD_Cancer
76	0.339672469	2.4792E-08	0	3.13328E-09	0	ASD_Cancer
77	0.135726647	4.91686E-08	0	1.99289E-07	0	ASD_Cancer
78	0.071038791	4.76712E-08	0	2.24888E-06	0	ASD_Cancer
79	0.164970916	3.9632E-08	0	1.26836E-05	0	ASD_Cancer
80	0	3.82534E-08	0	7.51404E-05	0	ASD_Cancer
81	5.892506769	4.65744E-08	0	-4.30118E-05	0	ASD_Cancer
82	0	4.58531E-08	0	-0.000328405	0	ASD_Cancer
83	17.58731977	5.4354E-08	0	-0.003543622	0	ASD_Cancer
84	0.386044329	4.78235E-08	0	-0.000272834	0	ASD_Cancer
85	9.991288522	5.67804E-08	0	0.000833678	0	ASD_Cancer
86	0.893274887	4.82623E-08	0	-0.000350646	0	ASD_Cancer
87	0.114251752	6.44495E-08	0	-0.000159991	0	ASD_Cancer
88	32.67911303	6.39528E-08	0.024390244	-9.76579E-05	0	ASD_Cancer
89	-27.62149397	-4.99459E-08	0	-0.000168538	0.008130081	ASD_Cancer
90	2.955258346	8.01988E-08	0	-0.00168234	-0.026829268	ASD_Cancer
91	-0.108426872	6.1621E-08	0	8.8224E-05	0.146341463	ASD_Cancer
92	-0.02941928	7.05307E-08	0	-9.4856E-07	0	ASD_Cancer
93	0.079007592	7.20095E-08	0	1.19497E-09	0	ASD_Cancer
94	0.108426872	9.84667E-08	0	1.16705E-10	0	ASD_Cancer
95	3.931719694	1.31446E-07	0	-1.55004E-08	0	ASD_Cancer
96	3.973516237	1.06764E-07	0	1.15502E-06	0	ASD_Cancer
97	1.270597338	5.50044E-08	0	1.54224E-07	0	ASD_Cancer
98	4.435279652	1.11197E-08	0	7.64119E-08	0	ASD_Cancer
99	0	-7.47875E-07	-0.024390244	6.07968E-09	0	ASD_Cancer
100	-0.077164237	-4.58453E-09	0	-1.45448E-08	0	ASD_Cancer
101	-12.43241037	4.37211E-09	-0.048780488	-6.27664E-08	0	ASD_Cancer
102	0.471238629	3.3764E-09	0	-1.08512E-07	0.008130081	ASD_Cancer
103	0.068239086	-4.83347E-07	-0.024390244	1.76872E-06	0.024390244	ASD_Cancer
104	-0.49272237	-7.23115E-09	0	4.11081E-06	0.004065041	ASD_Cancer
105	-2.382672221	6.79315E-09	0	1.51653E-05	0	ASD_Cancer
106	0	2.62605E-08	0	1.3313E-06	-0.341463415	ASD_Cancer
107	-7.612706838	-5.29392E-08	0	-1.78152E-07	-0.081300813	ASD_Cancer
108	5.950637518	1.77662E-08	0	7.43212E-07	-0.341463415	ASD_Cancer
109	-5.959456753	-5.22311E-08	0	-8.33459E-06	0.024390244	ASD_Cancer
110	0.320734753	2.09846E-08	0	2.65172E-07	-0.341463415	ASD_Cancer
111	-23.22236665	-5.72168E-08	-0.048780488	-1.15959E-06	0.016260163	ASD_Cancer
112	16.86177575	4.44325E-08	0	3.79077E-07	-0.390243902	ASD_Cancer
113	3.917498615	3.54523E-08	0	-1.19308E-05	0	ASD_Cancer
114	3.917498615	2.89429E-08	0	-6.22614E-05	0	ASD_Cancer
115	0	2.08402E-08	0	1.96608E-06	0	ASD_Cancer
116	-3.917498615	-1.37833E-07	0	9.35244E-07	0	ASD_Cancer
117	-3.917498615	-1.68323E-07	-0.024390244	-1.74435E-05	0	ASD_Cancer
118	7.57010179	3.82282E-08	-0.024390244	-4.8136E-05	0	ASD_Cancer
119	5.995652773	5.46602E-08	0	-0.000661555	0	ASD_Cancer
120	-10.77321955	4.39222E-08	0	-0.004273956	0.094308943	ASD_Cancer
121	5.055121813	6.27233E-08	0	-0.002984705	0.035772358	ASD_Cancer
122	-3.153848883	6.06398E-08	0	-0.004267692	0	ASD_Cancer
123	77.6053941	9.01989E-07	0.024390244	-0.010998749	-0.039837398	ASD_Cancer
124	-5.322340359	1.02958E-07	0	-0.001984799	-0.041695703	ASD_Cancer
125	0	7.76532E-08	0	0.000100317	0.097560976	ASD_Cancer
126	-2.532782873	4.49638E-08	0	-0.000363974	-0.028455285	ASD_Cancer
127	5.952226731	-6.41203E-07	-0.024390244	-0.002017645	-0.040650407	ASD_Cancer
128	1.508115478	5.58392E-08	0	-0.000141135	0	ASD_Cancer
129	-0.44290389	-9.79129E-08	-0.146341463	-3.01515E-05	0	ASD_Cancer
130	5.429708702	1.3926E-08	-0.024390244	-0.00036211	0.032520325	ASD_Cancer
131	-51.1356735	1.43796E-08	-0.048780488	-0.000547347	-0.018466899	ASD_Cancer
132	-20.3338995	-4.15699E-08	-0.12195122	0.000143073	-0.353658537	ASD_Cancer
133	-13.18005434	6.32389E-08	0	9.97759E-05	-0.130081301	ASD_Cancer
134	-6.373933724	1.00002E-08	-0.024390244	5.71707E-05	-0.062601626	ASD_Cancer
135	-28.56045085	-5.52508E-07	-0.048780488	4.12983E-05	-0.105691057	ASD_Cancer
136	28.62089007	1.07293E-07	0	-0.000288653	-0.097560976	ASD_Cancer
137	-17.02142064	6.8185E-08	-0.024390244	-0.000131574	-0.105691057	ASD_Cancer
138	0.535868873	4.34643E-08	0	-6.07776E-05	-0.02195122	ASD_Cancer
139	-4.226908379	-2.06097E-07	0	-2.07812E-05	-0.024390244	ASD_Cancer
140	2.316188521	8.90755E-08	0	-9.52105E-06	-0.024390244	ASD_Cancer
141	-0.43257829	4.70217E-08	0	-1.12338E-06	-0.008130081	ASD_Cancer
142	0.133880491	3.2444E-08	0	6.50561E-06	-0.048780488	ASD_Cancer
143	0.055917048	9.37647E-09	0	3.27439E-07	0	ASD_Cancer
144	-0.077963443	-4.30445E-08	0	-5.14101E-07	0	ASD_Cancer
145	-3.4885402	-5.53521E-08	0	-5.04324E-07	-0.024390244	ASD_Cancer
146	0.081039408	7.167E-08	0	-1.39285E-06	0.162601626	ASD_Cancer
147	0	9.72686E-08	0	-2.76172E-07	0.146341463	ASD_Cancer
148	10.57584984	1.35278E-07	0	1.76496E-07	0	ASD_Cancer
149	-0.002929729	7.64651E-08	0	1.12282E-06	0	ASD_Cancer
150	-0.026974448	8.51174E-08	0	2.14359E-06	-0.243902439	ASD_Cancer
151	9.446204524	1.26392E-07	0	-1.92937E-05	-0.008130081	ASD_Cancer
152	0.341316159	9.67162E-08	0	-7.71582E-05	-0.024390244	ASD_Cancer
153	0.040669404	-1.6983E-07	-0.024390244	-3.23147E-05	0	ASD_Cancer
154	-8.542890181	1.11177E-07	0	-0.000109744	-0.001626016	ASD_Cancer
155	45.6322259	1.2257E-07	-0.024390244	-0.00033992	0.013821138	ASD_Cancer
156	7.095837964	9.53365E-08	0	-0.000227383	0.04796748	ASD_Cancer
157	0.030652116	-2.88908E-08	-0.024390244	-1.91435E-05	0.12195122	ASD_Cancer
158	25.57236227	1.07241E-07	0.048780488	-5.50137E-06	0.039837398	ASD_Cancer
159	15.61066777	4.9037E-08	0	6.34709E-07	0.040650407	ASD_Cancer
160	12.6049522	7.27047E-07	0.048780488	-9.63937E-08	0	ASD_Cancer
161	4.326143439	5.65232E-07	0	4.70381E-08	0	ASD_Cancer
162	0.03114552	4.73518E-08	0	7.45989E-09	0	ASD_Cancer
163	-4.294997919	2.11987E-08	0	3.10602E-08	0	ASD_Cancer
164	-4.326143439	8.85312E-09	0	3.18413E-07	0	ASD_Cancer
165	31.69605617	1.59127E-08	0.024390244	-4.46718E-06	0.008943089	ASD_Cancer
166	4.857876473	1.00071E-07	-0.048780488	-1.61398E-05	0.002439024	ASD_Cancer
167	12.96269313	-5.27545E-07	-0.024390244	-5.16248E-05	0	ASD_Cancer
168	9.774312461	1.02343E-07	0	-2.27672E-06	0	ASD_Cancer
169	0	9.49106E-08	0	-1.03978E-06	0	ASD_Cancer
170	6.131770968	8.35756E-08	0.024390244	1.14499E-07	0.105691057	ASD_Cancer
171	-26.59439731	6.32389E-08	0	8.65028E-07	0.138211382	ASD_Cancer
172	0.407401849	8.00532E-08	0	2.52844E-06	0.113821138	ASD_Cancer
173	39.15939565	6.59197E-07	0	4.43823E-06	0.227642276	ASD_Cancer
174	-20.35182623	9.90853E-08	0	1.33568E-05	0.037398374	ASD_Cancer
175	16.87190377	7.9697E-08	0	2.26532E-05	0.025493612	ASD_Cancer
176	6.033295898	8.61391E-08	0	3.97508E-05	0.001626016	ASD_Cancer
177	3.220749791	7.2902E-08	-0.024390244	4.91491E-05	0.032520325	ASD_Cancer
178	-22.77704834	7.16764E-08	0	8.59311E-05	0.026829268	ASD_Cancer
179	8.758490798	6.83546E-08	0	0.000131353	-0.014634146	ASD_Cancer
180	-3.546361679	6.4629E-08	0	0.000321477	-0.012195122	ASD_Cancer
181	0.216627223	4.79757E-08	0	0.00053107	-0.016260163	ASD_Cancer
182	-1.81640152	5.2137E-08	0	0.000767283	-0.069105691	ASD_Cancer
183	0	4.67468E-08	0	8.39433E-05	0	ASD_Cancer
184	0.025759788	4.67792E-08	0	4.34895E-05	0	ASD_Cancer
185	0.00580151	6.01746E-08	0	8.39795E-06	0	ASD_Cancer
186	-0.053020344	6.72293E-08	0	2.27436E-06	0.004065041	ASD_Cancer
187	0	5.82026E-08	0	2.59586E-07	0	ASD_Cancer
188	-0.188430585	6.49192E-08	0	4.14719E-07	0	ASD_Cancer
189	-0.209282344	6.5304E-08	0	4.15978E-08	0	ASD_Cancer
190	-0.180213793	6.70673E-08	0	4.96263E-07	0	ASD_Cancer
191	1.818839135	1.04571E-07	0	4.12368E-05	0	ASD_Cancer
192	-0.847421137	6.9051E-08	0	0.000156665	0	ASD_Cancer
193	20.43609241	1.09368E-07	0	0.000731788	0.024390244	ASD_Cancer
194	3.030023523	2.22392E-08	-0.024390244	0.000200868	0.12195122	ASD_Cancer
195	6.034016919	3.47233E-08	-0.024390244	6.46632E-05	-0.008130081	ASD_Cancer
196	4.569837511	1.30931E-08	-0.024390244	8.89677E-06	-0.130081301	ASD_Cancer
197	0.028723321	2.41402E-08	0	6.40015E-06	0	ASD_Cancer
198	3.797944828	3.14394E-08	0	0.000254173	0	ASD_Cancer
199	4.290411499	3.8282E-08	0	2.01789E-06	0	ASD_Cancer
200	2.721322839	3.85229E-08	0	4.75985E-06	0	ASD_Cancer
201	0.238183499	3.57314E-08	0	4.60489E-06	0	ASD_Cancer
202	0	3.12861E-08	0	1.9762E-05	0	ASD_Cancer
203	-0.232339128	3.24141E-08	0	2.42822E-07	0	ASD_Cancer
204	-0.064458523	3.5753E-08	0	7.29075E-11	0	ASD_Cancer
205	-0.120637925	3.58615E-08	0	4.64722E-10	0	ASD_Cancer
206	-0.032411484	2.96686E-08	0	2.88308E-09	0.130081301	ASD_Cancer
207	0.002397383	2.79926E-08	0	2.36491E-09	0.130081301	ASD_Cancer
208	0	2.383E-08	0	3.46011E-10	0	ASD_Cancer
209	-0.002397383	2.92318E-08	0	2.5445E-09	-0.130081301	ASD_Cancer
210	-0.070613402	3.09173E-08	0	7.86365E-08	-0.130081301	ASD_Cancer
211	-0.104273004	3.49655E-08	0	2.12695E-08	0	ASD_Cancer
212	0	3.32132E-08	0	6.69038E-09	0	ASD_Cancer
213	-0.163767724	4.10625E-08	0	4.04038E-08	0	ASD_Cancer
214	-0.068164752	3.51914E-08	0	2.27651E-09	0	ASD_Cancer
215	0.413204168	4.22424E-08	0	1.36147E-06	0	ASD_Cancer
216	-0.142839267	3.69632E-08	0	4.23826E-07	0	ASD_Cancer
217	-0.715039325	4.06299E-08	0	4.82142E-07	0	ASD_Cancer
218	-8.057262125	2.60018E-08	0	9.83034E-07	0	ASD_Cancer
219	-4.701002903	3.59881E-08	0	2.2576E-07	0	ASD_Cancer
220	11.08103864	1.30284E-07	0.024390244	2.29177E-07	0	ASD_Cancer
221	0	1.01654E-07	0	9.55291E-07	0	ASD_Cancer
222	-2.186666396	1.11046E-07	0	3.17606E-06	0.069105691	ASD_Cancer
223	0	2.49789E-08	0	4.03595E-07	0.390243902	ASD_Cancer
224	-4.511751673	3.41586E-08	0	1.00453E-06	0.041463415	ASD_Cancer
225	0.089707875	3.08151E-08	0	2.10692E-06	0.004065041	ASD_Cancer
226	0.499829469	3.49411E-08	0	1.59684E-06	0.031707317	ASD_Cancer
227	0.981782461	2.15716E-08	0	3.11613E-07	0	ASD_Cancer
228	0.751859191	1.01133E-08	0	3.03259E-08	0	ASD_Cancer
229	0.461162061	-1.46384E-08	0	2.96198E-09	0	ASD_Cancer
230	0.137968009	-8.60745E-08	0	2.89462E-10	0	ASD_Cancer
231	-0.372678366	-1.41613E-07	-0.024390244	3.67175E-11	0	ASD_Cancer
232	0.015182645	-1.78769E-07	-0.024390244	8.71268E-12	0	ASD_Cancer
233	-0.24360351	-6.71957E-08	0	7.72493E-07	0	ASD_Cancer
234	0.001601359	2.13507E-08	0	2.39892E-07	0	ASD_Cancer
235	-0.033501069	2.12209E-08	0	6.16359E-07	0.008130081	ASD_Cancer
236	0	1.74358E-08	0	2.7641E-07	0	ASD_Cancer
237	0.034195209	2.55031E-08	0	1.01213E-07	0	ASD_Cancer
238	0.175281364	3.16254E-08	0	7.72035E-07	0.002439024	ASD_Cancer
239	2.839246078	2.56563E-08	0	1.92927E-06	0.002439024	ASD_Cancer
240	9.701471124	2.57996E-08	0	2.76207E-06	0	ASD_Cancer
241	-10.85177334	-9.72911E-08	-0.048780488	4.67226E-06	0	ASD_Cancer
242	0	-1.00105E-07	0	9.02083E-07	0	ASD_Cancer
243	-10.75128252	-1.13327E-07	-0.024390244	9.63798E-06	0	ASD_Cancer
244	-0.00657213	-9.2394E-08	0	1.95264E-06	0.024390244	ASD_Cancer
245	0.883594035	1.46564E-08	0	9.48956E-06	0.390243902	ASD_Cancer
246	6.098276076	1.82188E-08	0	1.95596E-05	0.069105691	ASD_Cancer
247	-24.0160419	-3.6541E-07	-0.12195122	7.99108E-05	0.085365854	ASD_Cancer
248	7.771243752	7.2592E-10	0	5.88885E-05	0.008130081	ASD_Cancer
249	-22.68459269	7.88976E-10	-0.024390244	0.000173842	0.004878049	ASD_Cancer
250	0.141336282	8.02674E-08	0	0.000188964	0.130081301	ASD_Cancer
251	-16.73362857	6.75322E-09	0	5.29046E-06	0	ASD_Cancer
252	52.54819028	1.05632E-07	0.073170732	3.36407E-05	0	ASD_Cancer
253	-45.14753997	2.12671E-08	0	1.78318E-05	0.002439024	ASD_Cancer
254	-1.788493425	5.06668E-08	0	6.72002E-06	-0.026829268	ASD_Cancer
255	-6.206209513	4.66427E-08	0	8.92301E-06	0.004065041	ASD_Cancer
256	0.138238041	5.21424E-08	0	3.73731E-06	0	ASD_Cancer
257	-0.542995824	4.4374E-08	0	2.74882E-06	0	ASD_Cancer
258	0.294264367	4.14843E-08	0	6.69032E-07	-0.056097561	ASD_Cancer
259	0.066142228	3.94846E-08	0	2.50828E-07	-0.06504065	ASD_Cancer
260	0.013847466	3.1233E-08	0	2.99949E-08	-0.390243902	ASD_Cancer
261	0.013847466	2.53216E-08	0	1.80371E-09	-0.414634146	ASD_Cancer
262	0.013847466	2.09424E-08	0	1.75493E-10	0	ASD_Cancer
263	0.013847466	1.76082E-08	0	1.70766E-11	0	ASD_Cancer
264	0.001968028	1.50112E-08	0	1.67712E-12	0	ASD_Cancer
265	-0.011879438	1.5383E-08	0	3.23296E-13	0	ASD_Cancer
266	-0.013847466	1.80813E-08	0	1.67712E-12	0	ASD_Cancer
267	-0.013847466	2.15571E-08	0	1.70766E-11	0	ASD_Cancer
268	-0.013847466	2.61407E-08	0	1.75493E-10	0	ASD_Cancer
269	-0.013847466	3.23581E-08	0	1.81092E-09	0	ASD_Cancer
270	-0.102505919	4.10891E-08	0	1.85778E-08	-0.130081301	ASD_Cancer
271	-0.231637926	5.04285E-08	0	8.08774E-08	0	ASD_Cancer
272	-0.173877291	5.12971E-08	0	4.88707E-07	-0.060162602	ASD_Cancer
273	4.523745446	7.95966E-08	0	2.57276E-06	-0.015447154	ASD_Cancer
274	-0.121689488	4.75492E-08	0	4.53251E-06	0.004065041	ASD_Cancer
275	2.889477862	6.71262E-08	0	8.53351E-06	0	ASD_Cancer
276	-17.17791948	4.26062E-08	0	3.40902E-05	0	ASD_Cancer
277	29.52373328	1.61712E-07	0.073170732	0.000172963	0.025551684	ASD_Cancer
278	-2.772377026	3.60183E-08	0	0.000467713	0.012195122	ASD_Cancer
279	2.572708328	7.81638E-08	0.024390244	0.000660163	-0.024390244	ASD_Cancer
280	3.509977124	4.80922E-08	0	0.002525237	-0.008130081	ASD_Cancer
281	-11.3141939	-5.72655E-08	-0.024390244	0.006439996	0	ASD_Cancer
282	-0.143957625	-2.50758E-08	0	0.00010225	0	ASD_Cancer
283	-0.143957625	-1.99449E-08	0	0.004507727	0.024390244	ASD_Cancer
284	0	2.90172E-08	0	0.000439661	0.024390244	ASD_Cancer
285	0.143957625	3.63561E-08	0	4.66445E-05	0	ASD_Cancer
286	0.022561706	4.7072E-08	0	4.35217E-05	0	ASD_Cancer
287	-0.018962858	4.69467E-08	0	0.000158573	0.008130081	ASD_Cancer
288	0	4.1924E-08	0	0.001238442	0.016260163	ASD_Cancer
289	0	4.18973E-08	0	0.004584837	-0.390243902	ASD_Cancer
290	-2.187726921	5.49921E-08	0	0.259141684	-0.06097561	ASD_Cancer
291	-0.000448197	4.20576E-08	0	0.000747069	0	ASD_Cancer
292	0	3.31275E-08	0	0.004583489	0	ASD_Cancer
293	0.000448197	4.20576E-08	0	0.001661145	-0.069105691	ASD_Cancer
294	0	4.20576E-08	0	0.007162567	0.113821138	ASD_Cancer
295	-0.031369543	4.87672E-08	0	0.046732527	-0.004065041	ASD_Cancer
296	-0.01706635	4.87672E-08	0	0.013138147	-0.046341463	ASD_Cancer
297	0	3.77571E-08	0	0.002735472	0.113821138	ASD_Cancer
298	0	3.77799E-08	0	0.000279921	0.113821138	ASD_Cancer
299	0.004267063	4.3769E-08	0	0.000279874	-0.024390244	ASD_Cancer
300	-3.973769158	5.74335E-08	0	0.002059983	-0.004878049	ASD_Cancer
301	0.001491455	4.81378E-08	0	0.00054676	0.390243902	ASD_Cancer
302	-0.01289134	4.64453E-08	0	0.000960923	0.390243902	ASD_Cancer
303	-1.977029222	5.44751E-08	0	0.004703598	0.130081301	ASD_Cancer
304	-2.016092637	5.26655E-08	0	0.046255117	-0.027874564	ASD_Cancer
305	0	4.03142E-08	0	0.001561065	-0.390243902	ASD_Cancer
306	0.489093376	4.53241E-08	-0.024390244	0.008085402	-0.06097561	ASD_Cancer
307	0.083031656	3.51234E-08	0	0.000798002	0	ASD_Cancer
308	0.006097561	2.75469E-08	0	0.00018097	0	ASD_Cancer
309	1.195588834	3.47363E-08	-0.024390244	0.001076633	0	ASD_Cancer
310	-0.206979371	2.75924E-08	0	0.000159139	0	ASD_Cancer
311	-0.206979371	2.24453E-08	0	1.56544E-05	0	ASD_Cancer
312	0	2.14281E-08	0	3.02242E-06	0	ASD_Cancer
313	0.206979371	4.10588E-08	0	1.56544E-05	0	ASD_Cancer
314	0.206979371	5.01763E-08	0	0.000159139	0	ASD_Cancer
315	0.846208096	6.27058E-08	0	0.001632835	0	ASD_Cancer
316	-19.74000117	-3.61887E-07	-0.097560976	0.006665157	0	ASD_Cancer
317	10.13113012	3.7017E-08	0	0.002557745	-0.004065041	ASD_Cancer
318	7.713311223	4.91832E-08	0	0.000854692	0.004065041	ASD_Cancer
319	0.945499825	4.59634E-08	0	0.000174389	-0.06097561	ASD_Cancer
320	4.739482775	5.37368E-08	0	2.81433E-05	-0.130081301	ASD_Cancer
321	1.434042818	5.22912E-08	0	9.1865E-06	0	ASD_Cancer
322	-0.008904675	3.98386E-08	0	1.56509E-05	0	ASD_Cancer
323	0	3.71565E-08	0	1.54529E-06	0	ASD_Cancer
324	0.008904675	4.68272E-08	0	3.56287E-07	0	ASD_Cancer
325	6.419508984	6.29994E-08	0	2.12785E-06	0	ASD_Cancer
326	0.008969915	4.67947E-08	0	4.11863E-07	0	ASD_Cancer
327	0	3.78069E-08	0	5.68071E-08	0	ASD_Cancer
328	0.060361186	4.92882E-08	0	2.54615E-07	0	ASD_Cancer
329	0.008540571	3.79485E-08	0	5.69606E-08	0	ASD_Cancer
330	0.008540571	3.01153E-08	0	-1.08863E-10	0	ASD_Cancer
331	0.008540571	2.44789E-08	0	5.81725E-11	0	ASD_Cancer
332	0.008540571	2.05219E-08	0	5.77858E-12	0	ASD_Cancer
333	0	1.82775E-08	0	1.68829E-12	0	ASD_Cancer
334	-0.008540571	2.18333E-08	0	1.17106E-11	0	ASD_Cancer
335	-0.008540571	2.65376E-08	0	1.18067E-10	0	ASD_Cancer
336	-0.009752896	3.29436E-08	0	1.21909E-09	0	ASD_Cancer
337	0.079578458	4.01974E-08	0	6.03819E-09	0	ASD_Cancer
338	0	3.15894E-08	0	2.68469E-08	0	ASD_Cancer
339	-0.002208461	3.33103E-08	0	2.71885E-07	-0.390243902	ASD_Cancer
340	0	3.24328E-08	0	5.23263E-08	-0.390243902	ASD_Cancer
341	0.014422309	4.1411E-08	0	2.68511E-06	-0.130081301	ASD_Cancer
342	0.670069263	4.35982E-08	0	2.00442E-05	0	ASD_Cancer
343	1.394611584	4.4336E-08	0	3.41579E-05	0	ASD_Cancer
344	4.966891567	4.69572E-08	0	0.000160582	-0.02601626	ASD_Cancer
345	4.458072206	4.05349E-08	0	0.000356726	0	ASD_Cancer
346	2.827954305	3.31065E-08	0	0.000625016	-0.003252033	ASD_Cancer
347	8.841737081	7.80661E-08	0	0.000599551	0.00116144	ASD_Cancer
348	-2.04490785	-2.12584E-08	-0.024390244	0.000217103	0	ASD_Cancer
349	1.162248351	7.9337E-08	0	7.07135E-05	0	ASD_Cancer
350	0.03932819	7.44655E-08	0	3.421E-05	-0.028455285	ASD_Cancer
351	-0.237591378	5.76834E-08	0	3.33386E-06	0	ASD_Cancer
352	-0.241471644	4.56538E-08	0	3.24894E-07	0	ASD_Cancer
353	-0.24535191	3.6763E-08	0	3.16619E-08	0	ASD_Cancer
354	-0.269665487	2.89666E-08	0	3.08554E-09	0	ASD_Cancer
355	-0.492254447	1.39163E-08	0	3.00694E-10	0	ASD_Cancer
356	-0.749083171	1.06349E-08	0	2.93035E-11	0	ASD_Cancer
357	-0.699462929	9.7063E-09	0	2.85569E-12	0	ASD_Cancer
358	-0.213090499	1.19178E-08	0	2.78274E-13	0	ASD_Cancer
359	0.199409731	3.6523E-08	0	2.70968E-14	0	ASD_Cancer
360	0.233711112	4.45843E-08	0	2.62244E-15	0	ASD_Cancer
361	0.237591378	5.37857E-08	0	2.35773E-16	0	ASD_Cancer
362	0.241471644	6.58184E-08	0	-8.05631E-13	0	ASD_Cancer
363	0.24535191	8.19408E-08	0	-4.33931E-12	0	ASD_Cancer
364	0	8.15437E-08	0	5.32915E-08	0	ASD_Cancer
365	0.620178218	1.04126E-07	0	2.75785E-07	0.001626016	ASD_Cancer
366	-0.110815259	8.68944E-08	0	5.74894E-08	-0.154471545	ASD_Cancer
367	0	6.99137E-08	0	8.90051E-09	0	ASD_Cancer
368	0.110815259	8.09757E-08	0	6.69621E-09	-0.390243902	ASD_Cancer
369	0.71085601	1.01587E-07	0	3.46596E-08	0	ASD_Cancer
370	0.076683843	1.06447E-07	0	3.46502E-09	0	ASD_Cancer
371	-0.053109493	9.88331E-08	0	1.30029E-09	0	ASD_Cancer
372	-0.28124595	9.05882E-08	0	1.01626E-08	0	ASD_Cancer
373	-0.554451955	6.11985E-08	0	1.05722E-07	0	ASD_Cancer
374	-0.792326545	5.36154E-08	0	1.10326E-06	0	ASD_Cancer
375	-1.214726074	6.76171E-08	0	-3.57346E-05	0	ASD_Cancer
376	-12.74615341	5.09851E-08	-0.024390244	-0.000134338	0.048780488	ASD_Cancer
377	-1.223240289	2.39342E-08	0	-2.40917E-05	-0.130081301	ASD_Cancer
378	9.193701874	6.92925E-07	0.024390244	-2.4731E-06	-0.390243902	ASD_Cancer
379	-5.708043023	2.59608E-08	0	-2.56645E-06	-0.06504065	ASD_Cancer
380	-0.266490403	2.07396E-08	0	-4.78044E-07	0	ASD_Cancer
381	-0.266490403	1.69485E-08	0	1.59641E-10	0	ASD_Cancer
382	-0.266490403	1.41223E-08	0	1.53008E-11	0	ASD_Cancer
383	-0.271801352	1.2014E-08	0	1.46648E-12	0	ASD_Cancer
384	-0.304316752	6.81063E-09	0	1.40544E-13	0	ASD_Cancer
385	-0.213997327	1.03153E-09	0	1.35077E-14	0	ASD_Cancer
386	0.059431733	1.39164E-08	0	1.82312E-15	0	ASD_Cancer
387	0.236246808	1.49003E-08	0	5.76383E-15	0	ASD_Cancer
388	0.256945501	2.44697E-08	0	5.80606E-14	0	ASD_Cancer
389	0.261612354	3.00693E-08	0	5.95846E-13	0	ASD_Cancer
390	0.266490403	3.60767E-08	0	6.11442E-12	0	ASD_Cancer
391	0.266490403	4.42308E-08	0	6.27432E-11	0	ASD_Cancer
392	0.26748462	5.54974E-08	0	6.43839E-10	0	ASD_Cancer
393	0.000994217	4.38606E-08	0	5.31908E-09	0	ASD_Cancer
394	0	3.5534E-08	0	6.25924E-08	0	ASD_Cancer
395	-0.000994217	3.90306E-08	0	6.61132E-09	0	ASD_Cancer
396	-0.000994217	4.84557E-08	0	5.89514E-09	0	ASD_Cancer
397	0.176361941	6.17572E-08	0	5.44562E-08	0	ASD_Cancer
398	0.052364351	5.26933E-08	0	7.18531E-08	0	ASD_Cancer
399	0	4.96429E-08	0	1.23908E-07	0	ASD_Cancer
400	0.082434984	6.42582E-08	0	6.41793E-07	0.000813008	ASD_Cancer
401	-0.030001425	6.09239E-08	0	6.83193E-07	0.004065041	ASD_Cancer
402	0	5.19419E-08	0	4.061E-07	0.390243902	ASD_Cancer
403	-0.203035844	6.77558E-08	0	3.52369E-06	0.027642276	ASD_Cancer
1	-4.800018036	2.1505E-08	-0.045454545	6.60171E-09	0	Control
2	0.692162452	3.42763E-08	0	5.8944E-08	0.045454545	Control
3	0	-3.13785E-07	-0.045454545	3.17524E-07	0.045454545	Control
4	0.667506521	3.24388E-08	0	-9.55593E-08	0.015151515	Control
5	7.009115266	4.12359E-08	0	-9.27301E-07	0	Control
6	0	3.07091E-08	0	-5.89269E-07	-0.075757576	Control
7	0.379488218	3.08524E-08	0	-8.13807E-07	-0.318181818	Control
8	-1.318398244	4.22942E-08	0	-3.09706E-06	-0.106060606	Control
9	0.468013928	3.08524E-08	0	-1.05037E-05	0.053030303	Control
10	0	3.37423E-08	0	-2.28224E-06	-0.212121212	Control
11	-0.366005266	3.39084E-08	0	-1.97796E-06	0.053030303	Control
12	-0.366005266	2.7749E-08	0	-4.81839E-07	0	Control
13	-0.366005266	2.31272E-08	0	1.17287E-08	0	Control
14	-0.366005266	1.95871E-08	0	1.12432E-09	0	Control
15	-0.366005266	1.68211E-08	0	1.07779E-10	0	Control
16	-0.002164502	1.36522E-08	0	1.03319E-11	0	Control
17	0.363840763	2.15369E-08	0	9.9042E-13	0	Control
18	0.366005266	2.48026E-08	0	9.49237E-14	0	Control
19	0.366005266	2.90896E-08	0	9.08074E-15	0	Control
20	0.366005266	3.47943E-08	0	8.53058E-16	0	Control
21	0.366005266	4.23576E-08	0	-7.73534E-10	0	Control
22	0	4.21767E-08	0	-6.78579E-09	0	Control
23	0.366005266	5.26528E-08	0	-7.23262E-08	0	Control
24	0	5.23711E-08	0	-6.27693E-07	0	Control
25	0.245438819	6.71236E-08	0	-6.68947E-06	0	Control
26	-0.226893248	6.83156E-08	0	-1.73315E-05	0	Control
27	-0.171999964	6.79455E-08	0	-9.00555E-05	-0.060606061	Control
28	-3.832487149	5.07901E-08	0	2.26741E-05	-0.121212121	Control
29	0	4.15431E-08	0	0.000155678	0	Control
30	-0.057739939	4.0889E-08	0	9.63611E-05	-0.060606061	Control
31	0	5.43263E-08	0	8.11883E-05	-0.363636364	Control
32	-4.085049529	7.0358E-08	0	0.000187767	-0.121212121	Control
33	-0.324342399	7.12897E-08	0	0.000517024	-0.060606061	Control
34	-34.18731724	8.52977E-08	0	-0.000576139	0	Control
35	4.40653849	3.97541E-07	0	-0.00181944	0.053030303	Control
36	6.329747599	3.9435E-07	0.045454545	-0.000369291	0	Control
37	-7.673212851	3.89232E-07	0	-0.001027723	0	Control
38	-2.4587819	3.09709E-07	0	-0.00015912	0	Control
39	-6.057888928	3.10473E-07	0	-2.42488E-05	0	Control
40	0.003388264	2.4623E-07	0	-1.53241E-06	0	Control
41	0	2.00839E-07	0	-2.43048E-05	0	Control
42	1.742884072	2.47314E-07	0	-9.00677E-05	-0.121212121	Control
43	0	1.99873E-07	0	-0.000100713	-0.363636364	Control
44	-1.746272336	2.34436E-07	0	-2.28229E-05	0.272727273	Control
45	-1.848472457	2.93985E-07	0	-0.000157396	0.272727273	Control
46	0.826611425	3.05933E-07	0	-0.000932831	0.009090909	Control
47	0.003050239	2.43285E-07	0	6.81886E-05	0	Control
48	0	2.02038E-07	0	6.52885E-06	0	Control
49	-0.003050239	2.05702E-07	0	8.21572E-08	0	Control
50	-1.868460064	2.5369E-07	0	-2.81989E-06	0	Control
51	0	2.09678E-07	0	-3.88222E-07	0	Control
52	0	2.09997E-07	0	-2.10558E-07	0.090909091	Control
53	-1.548054204	2.55109E-07	0	-4.88767E-07	0.090909091	Control
54	0.496847032	2.1664E-07	0	-8.56354E-07	0.136363636	Control
55	-0.19815995	2.11172E-07	0	-2.11326E-06	0.136363636	Control
56	-0.22272124	2.11279E-07	0	-5.62505E-06	0.181818182	Control
57	-0.263824733	2.20939E-07	0	-1.54872E-06	0.090909091	Control
58	0	1.8397E-07	0	-5.82975E-07	0.045454545	Control
59	0	1.81552E-07	0	-8.42128E-08	0.181818182	Control
60	0.003912354	2.16863E-07	0	-1.08178E-07	0.181818182	Control
61	-1.89049243	2.64627E-07	0	-9.12645E-07	0.272727273	Control
62	0	2.14647E-07	0	-7.89797E-06	0	Control
63	1.90585562	4.88445E-07	0	-8.40943E-05	0	Control
64	-1.392928327	2.58417E-07	0	-0.000314579	0	Control
65	-14.94001859	3.27599E-07	0	-0.000579788	0	Control
66	0	3.09709E-07	0	-0.002685733	0	Control
67	-20.48622745	3.92746E-07	0	-0.028138953	0	Control
68	23.40953044	9.09956E-07	0	-0.072567065	0	Control
69	7.844085403	8.94917E-07	0	-0.251328232	0	Control
70	89.15814182	1.73592E-06	0	-0.088643529	0	Control
71	44.90609799	1.70124E-06	0	0.004760619	-0.121212121	Control
72	0.257370194	1.59934E-06	0	-0.000131668	-0.060606061	Control
73	0	1.25179E-06	0	-0.000170877	0	Control
74	4.744469549	1.31614E-06	0	-1.23001E-06	0	Control
75	5.001675053	1.07002E-06	0	-3.13823E-06	0	Control
76	-1.01682926	5.69847E-07	0	4.04238E-08	0	Control
77	-0.002286018	4.75378E-07	0	1.29876E-07	0	Control
78	1.952808768	5.74216E-07	0	1.60164E-06	0	Control
79	0.926281612	4.75871E-07	0	8.34965E-06	0	Control
80	0	4.09505E-07	0	5.46394E-05	0	Control
81	2.401673404	5.00193E-07	0	-3.99017E-05	0	Control
82	0	4.92314E-07	0	-0.000306788	0	Control
83	5.715960082	6.07288E-07	0	-0.003306141	0	Control
84	-4.055710974	3.08759E-07	0	-0.00027193	0	Control
85	22.23119036	7.15087E-07	0	0.000600379	0	Control
86	11.50208991	1.35677E-06	0	-0.000350204	0	Control
87	16.93197458	1.34617E-06	0	-0.000134477	0	Control
88	48.76153695	1.58588E-06	0	-6.45343E-05	0	Control
89	11.19197556	1.57807E-06	0	-0.000107361	0	Control
90	184.146059	1.95021E-06	0	-0.001438843	-0.027272727	Control
91	3.550463037	1.47914E-06	0	8.30407E-05	0.090909091	Control
92	-0.838572165	7.61685E-07	0	-2.07351E-06	0	Control
93	-4.389035202	5.54507E-07	0	7.38026E-10	0	Control
94	-3.550463037	8.57868E-07	0	4.83263E-10	0	Control
95	-78.99949973	1.14927E-06	0.045454545	-2.25334E-08	0	Control
96	197.5147622	2.53051E-06	0	5.18562E-07	0	Control
97	665.130594	4.74262E-06	0.136363636	2.84361E-07	0	Control
98	23.75298497	3.75722E-06	0	8.72724E-08	0	Control
99	0	2.47885E-06	0	7.8856E-09	0	Control
100	108.1407032	3.95162E-06	0.045454545	1.10389E-06	0	Control
101	-70.32608371	1.90694E-06	0	4.88935E-07	0	Control
102	4.690044573	2.60148E-06	0	2.13573E-08	0	Control
103	4.690044573	2.60148E-06	0	1.91952E-06	0	Control
104	104.2502756	2.67151E-06	0	4.65786E-06	0	Control
105	-68.99245064	1.50024E-06	0	1.60242E-05	0	Control
106	0	2.11962E-06	0	1.76361E-06	-0.303030303	Control
107	8.543984082	2.1697E-06	0	1.70263E-07	-0.060606061	Control
108	27.49920847	2.22766E-06	0	9.284E-07	-0.303030303	Control
109	-12.38933759	1.20625E-06	0	-6.24915E-06	0.03030303	Control
110	-0.02046541	1.82402E-06	0	3.24166E-07	-0.303030303	Control
111	8.153911739	1.8689E-06	0	-8.07068E-07	0.060606061	Control
112	10.31108619	1.96127E-06	0	3.9404E-07	-0.363636364	Control
113	0.538643954	1.54366E-06	0	-1.10887E-05	0	Control
114	0.538643954	1.2466E-06	0	-5.79707E-05	0	Control
115	0	1.04567E-06	0	1.83163E-06	0	Control
116	-0.538643954	1.27055E-06	0	8.70782E-07	0	Control
117	-0.538643954	1.57672E-06	0	-1.57215E-05	0	Control
118	2.534800196	1.17034E-06	0	-4.45684E-05	0	Control
119	-6.407488624	7.64619E-07	0	-0.000615877	0	Control
120	-22.87427045	6.96831E-08	0	-0.003992871	0.095454545	Control
121	-1.734473334	4.05285E-07	0	-0.00240675	0.034848485	Control
122	-125.9756278	8.51682E-08	0	-0.003674732	0	Control
123	178.0366437	2.46925E-06	0.136363636	-0.009769502	-0.043939394	Control
124	-177.9742634	4.82772E-07	0	-0.001079442	-0.040584416	Control
125	0	3.63469E-07	0	0.000182879	0.090909091	Control
126	-2.481056405	3.73567E-07	0	-0.000163179	-0.024242424	Control
127	-6.658751986	8.72744E-08	0.045454545	-0.001974538	-0.028787879	Control
128	0.531997755	3.64267E-07	0.045454545	-0.000149558	0	Control
129	-17.97648894	5.01639E-08	0	-1.85477E-05	0	Control
130	-117.4454301	1.06103E-07	0	-0.00030862	0.045454545	Control
131	-138.662628	1.17864E-07	0.045454545	-0.000344287	-0.012121212	Control
132	9.704672616	1.19856E-07	0.045454545	0.000161929	-0.295454545	Control
133	-408.5102572	7.95501E-08	0	0.000109911	-0.090909091	Control
134	-97.7326298	5.49292E-07	0	6.35156E-05	-0.045454545	Control
135	-5.025525262	1.16876E-07	0	4.71348E-05	-0.083333333	Control
136	-27.60666068	9.10448E-08	0	-0.000231257	-0.083333333	Control
137	-94.08853659	7.78596E-08	0	-0.000103446	-0.090909091	Control
138	-51.76337894	3.88309E-07	0	-4.6497E-05	-0.022727273	Control
139	-0.152462836	7.1017E-08	0	-1.30612E-05	-0.022727273	Control
140	-18.92849353	3.92796E-08	0	-6.78609E-06	-0.022727273	Control
141	-28.36177267	3.55087E-07	0	-9.75722E-07	-0.015151515	Control
142	0.177176671	2.05436E-07	0	2.32844E-06	-0.045454545	Control
143	0.176432862	1.60391E-07	0	-3.96773E-08	0	Control
144	-0.000743809	2.09854E-08	0	-5.63387E-07	0	Control
145	-5.04963412	2.71569E-08	0	-1.04251E-06	-0.022727273	Control
146	-0.379151069	2.2089E-08	0	-1.34531E-06	0.151515152	Control
147	0	1.58534E-08	0	-4.07816E-07	0.136363636	Control
148	-3.495811746	2.77378E-08	0	2.18385E-07	0	Control
149	0.936836768	1.68573E-08	0.045454545	1.05277E-06	0	Control
150	-0.148478416	5.4026E-08	0	3.10634E-06	-0.272727273	Control
151	-0.085786057	6.31306E-08	0	-1.73004E-05	-0.007575758	Control
152	7.856213483	7.10916E-08	0	-7.58846E-05	-0.021212121	Control
153	1.868935968	5.77342E-08	0.045454545	-3.10877E-05	-0.015151515	Control
154	7.185119798	5.27163E-08	0	-0.000105527	-0.007575758	Control
155	-4.68621796	6.46637E-08	0	-0.000328378	0.003030303	Control
156	1.755381878	4.67656E-08	0	-0.000216104	0.03030303	Control
157	0	4.96968E-08	0	-1.93894E-05	0.060606061	Control
158	-2.578452374	5.35192E-08	0	-7.14698E-06	0.031818182	Control
159	-0.011672404	4.95983E-08	0	1.77831E-07	0.03030303	Control
160	-0.370739577	3.34989E-08	0	-1.87984E-07	0	Control
161	-0.370739577	2.63048E-08	0	2.41074E-08	0	Control
162	-0.00212461	4.69724E-08	0	4.55856E-09	0	Control
163	0.368614967	5.74825E-08	0	2.37918E-08	0	Control
164	0.370739577	7.3389E-08	0	2.45338E-07	0	Control
165	1.569205548	9.69423E-08	0	-8.07377E-06	0.004545455	Control
166	19.51981301	1.46364E-07	0.045454545	-1.92521E-05	0	Control
167	-7.869632805	7.04382E-08	0	-3.21282E-05	0	Control
168	-109.0606714	1.57614E-07	0.045454545	1.54873E-06	0	Control
169	0	1.03755E-06	0.045454545	-5.82722E-07	0	Control
170	-528.4384798	1.07992E-07	0	3.62619E-07	0.075757576	Control
171	-202.8810048	3.76522E-07	0.227272727	-7.39979E-07	0.106060606	Control
172	-1.498622444	8.82292E-08	0	5.22993E-06	0.075757576	Control
173	0.949980319	1.4003E-07	0.045454545	3.48281E-06	0.166666667	Control
174	-210.3940627	2.17148E-07	0	9.51689E-06	0.033333333	Control
175	-72.8431375	3.42138E-08	0	1.54078E-05	0.014177489	Control
176	-9.867713516	8.69606E-08	0	2.60566E-05	-0.040909091	Control
177	-7.890277465	7.84886E-08	0	3.5229E-05	-0.03030303	Control
178	-74.14471772	1.63431E-08	0	6.18722E-05	-0.013636364	Control
179	-23.58580676	2.20498E-08	0	9.51477E-05	-0.036363636	Control
180	-79.01010281	1.39096E-08	0	0.000237441	-0.045454545	Control
181	-7.498105926	1.34223E-08	0	0.000392396	-0.060606061	Control
182	-16.33031252	1.35678E-08	0	0.000568559	-0.075757576	Control
183	0	1.07023E-08	0	6.07424E-05	0	Control
184	-0.001126205	1.07097E-08	0	1.80312E-05	0	Control
185	-0.000306091	1.04996E-08	0	2.02606E-06	0	Control
186	-7.678977202	5.59024E-09	0	9.73337E-07	0.015151515	Control
187	0	6.04572E-08	0	1.2286E-07	0	Control
188	-21.71130831	1.40437E-07	0	2.99417E-07	0	Control
189	-18.11241582	5.9425E-07	0	3.00563E-08	0	Control
190	-10.85525338	1.85771E-06	0	3.69534E-07	0	Control
191	-0.825766619	1.50174E-06	0	3.07406E-05	0	Control
192	-5.900856699	1.51259E-06	0	0.00332829	0	Control
193	3.492489678	1.55766E-06	0	0.088609587	0	Control
194	-1.303506734	1.29095E-06	0	0.000750214	0.090909091	Control
195	3.237660417	1.31517E-06	0	0.000238834	-0.03030303	Control
196	1.565057162	1.12232E-06	0	0.000117778	-0.121212121	Control
197	-0.026742925	6.27382E-07	0	0.000170838	0	Control
198	-13.36334395	4.69444E-07	0	0.000416302	0	Control
199	-9.54087632	4.6619E-07	0	0.000444838	0	Control
200	-7.744602498	4.64728E-07	0	0.001428372	0	Control
201	-7.603528435	2.41538E-07	0	0.000150193	0	Control
202	-0.015471964	3.7684E-07	0	3.64482E-05	0	Control
203	-5.966803638	3.97972E-07	0	2.9233E-05	0	Control
204	-2.204910031	2.49778E-07	0	8.09496E-06	0.03030303	Control
205	-2.422741578	2.50536E-07	0	5.0993E-06	0.015151515	Control
206	0.085459649	3.77903E-07	0	6.41692E-07	0.090909091	Control
207	0.020547371	3.62882E-07	0	1.41435E-08	0.090909091	Control
208	0	3.03131E-07	0	2.15173E-08	0	Control
209	-0.020547371	3.72303E-07	0	1.03394E-07	-0.121212121	Control
210	-1.750623871	3.93904E-07	0	5.66996E-07	-0.121212121	Control
211	0.119522194	4.5392E-07	0	1.32276E-07	-0.006060606	Control
212	0	4.61735E-07	0	2.18729E-08	0	Control
213	24.33360924	6.19314E-07	0.045454545	8.73903E-08	0	Control
214	19.53052374	6.66052E-07	0.045454545	3.03127E-08	0	Control
215	-16.20801205	6.43233E-07	0	9.50479E-07	0	Control
216	-2.672887985	6.25339E-07	0	2.59451E-06	0	Control
217	5.870151162	1.03662E-06	0	1.00078E-05	0	Control
218	-35.58143634	1.01959E-06	0	1.6021E-05	0	Control
219	68.37431738	1.77551E-06	0	4.2609E-05	0	Control
220	16.16468444	1.3854E-06	0	3.12503E-05	0.03030303	Control
221	0	1.07211E-06	0	4.66105E-06	0.090909091	Control
222	-14.7617205	7.323E-07	0	1.2789E-05	0.060606061	Control
223	0	1.06429E-06	0	1.61904E-05	0.272727273	Control
224	3.695977116	1.41239E-06	0	0.000154271	0.027272727	Control
225	-0.885390862	7.99465E-07	0	2.46438E-05	0	Control
226	1.322409911	7.89449E-07	0	9.74631E-06	0.009090909	Control
227	-29.0584425	4.56591E-07	0	1.07635E-05	0	Control
228	-27.06838283	4.73714E-07	0	1.05307E-06	0	Control
229	15.74332575	1.75283E-06	0.090909091	1.0393E-07	0	Control
230	10.37438667	1.31058E-06	0	1.03057E-08	0	Control
231	5.289219334	7.19792E-07	0	1.59948E-09	0	Control
232	0.146995027	6.10139E-07	0	1.64217E-05	0	Control
233	1.191608982	5.4064E-07	0	4.5917E-05	0	Control
234	-0.056655831	3.18152E-07	0	2.58238E-05	0	Control
235	0.497969704	3.16171E-07	0	1.59345E-05	0.060606061	Control
236	0	2.59551E-07	0	4.90491E-06	0.090909091	Control
237	-0.554625535	3.06765E-07	0	1.21213E-05	0.090909091	Control
238	-5.248218963	3.80956E-07	0	3.36851E-05	0.017316017	Control
239	-4.56116825	4.15229E-07	0	9.24994E-05	0.012987013	Control
240	-7.46075339	4.17612E-07	0	0.000272243	0.009090909	Control
241	1.533239691	6.96691E-07	0	0.000165281	0	Control
242	0	9.40665E-07	0	2.71146E-05	0	Control
243	21.64117868	1.59262E-06	0	0.000137031	0	Control
244	0.121759789	1.28005E-06	0	1.77056E-05	0	Control
245	-0.393927215	8.70856E-07	0	3.99177E-05	0.272727273	Control
246	-1.355347642	1.08813E-06	0	0.000337196	0.045454545	Control
247	31.79293227	1.797E-06	0	0.001126398	0.045454545	Control
248	-0.784612654	1.25481E-06	0	0.003337354	0	Control
249	59.57078448	2.1604E-06	0	0.015520631	0	Control
250	169.7889778	2.59829E-06	0	0.0127266	0.090909091	Control
251	26.93845826	2.62058E-06	0	0.003183309	0	Control
252	638.0493785	3.13372E-06	0.045454545	0.001200377	0	Control
253	5.864067336	1.88754E-06	0	0.000536922	0.015151515	Control
254	24.32423572	1.27875E-06	0	0.000435853	-0.003030303	Control
255	-19.60768853	7.98203E-07	0	0.000187267	-0.015151515	Control
256	-27.23676641	7.54607E-07	0	0.000101611	0	Control
257	21.62164286	6.87512E-07	0	6.38025E-06	0	Control
258	3.828691892	6.70158E-07	0	2.70588E-06	-0.072727273	Control
259	-0.257169913	5.5434E-07	0	5.02647E-07	-0.083333333	Control
260	0.070677991	4.37851E-07	0	5.68271E-08	-0.363636364	Control
261	0.070677991	3.54566E-07	0	4.82227E-09	-0.363636364	Control
262	0.070677991	2.92969E-07	0	4.71075E-10	0	Control
263	0.070677991	2.46133E-07	0	4.60518E-11	0	Control
264	0.058374688	2.09692E-07	0	4.83793E-12	0	Control
265	-0.012303302	1.97022E-07	0	3.93924E-12	0	Control
266	-0.070677991	2.31755E-07	0	3.58208E-11	0	Control
267	-0.070677991	2.76554E-07	0	3.65727E-10	0	Control
268	-0.070677991	3.3572E-07	0	3.73844E-09	0	Control
269	-0.070677991	4.16124E-07	0	3.82147E-08	0	Control
270	-0.181112227	5.29296E-07	0	3.90635E-07	-0.121212121	Control
271	-6.259506816	3.52298E-07	0	1.25897E-06	0	Control
272	-5.661145717	4.21769E-07	0	5.13143E-06	-0.066666667	Control
273	-476.5792718	5.07283E-07	0	2.30165E-05	-0.018181818	Control
274	-1.523963026	1.31217E-06	0	5.77345E-05	0	Control
275	-136.2007955	1.29695E-06	0	0.000216072	0	Control
276	109.2702744	1.93206E-06	0	0.000807849	0.015151515	Control
277	-122.6025205	1.09121E-06	0	0.003698428	0.018181818	Control
278	0.585983561	1.57468E-06	0	0.001628807	0.009090909	Control
279	17.06907004	1.50579E-06	0	0.000673787	0	Control
280	83.21416786	1.59893E-06	0	0.001996985	0	Control
281	3.657496022	1.1707E-06	0	0.004404051	0.03030303	Control
282	1.384866208	5.46294E-07	0	7.70687E-05	0.03030303	Control
283	1.384866208	4.30324E-07	0	0.003077561	0	Control
284	0	1.99514E-07	0	0.000299785	0	Control
285	-1.384866208	2.49995E-07	0	3.17908E-05	0	Control
286	-13.57581391	3.23718E-07	0	2.95228E-05	0	Control
287	1.258241139	3.09242E-07	0	0.000107467	0	Control
288	0	1.36684E-07	0	0.000839283	0	Control
289	0	1.36598E-07	0	0.003107105	-0.363636364	Control
290	-35.41728795	1.79068E-07	0.045454545	0.175618306	-0.060606061	Control
291	-0.080511158	1.37118E-07	0	0.000506332	0	Control
292	0	1.08108E-07	0	0.00310702	0	Control
293	0.080511158	1.37118E-07	0	0.001126084	-0.015151515	Control
294	0	1.37118E-07	0	0.004854445	0.075757576	Control
295	-1.069542919	8.43555E-08	0	0.031674503	-0.015151515	Control
296	-1.275404124	8.43555E-08	0	0.008906395	-0.046969697	Control
297	0	6.54188E-08	0	0.001854643	0.03030303	Control
298	0	6.54581E-08	0	0.000190369	0.075757576	Control
299	-0.210340224	1.4173E-08	0	0.000190355	-0.045454545	Control
300	-78.96506305	1.85564E-08	0	0.001401034	-0.013636364	Control
301	-2.53105095	7.80846E-08	0	0.000370701	0.318181818	Control
302	0.751790055	3.61215E-07	0.045454545	0.000651622	0.287878788	Control
303	-26.12737219	1.71526E-07	0	0.003190018	0.106060606	Control
304	-21.23663324	7.03031E-07	0	0.031365379	-0.021320346	Control
305	0	5.65258E-07	0	0.001065231	-0.363636364	Control
306	-4.560991416	1.22437E-06	0	0.005520001	-0.060606061	Control
307	0.143631101	9.42074E-07	0	0.00054497	0	Control
308	0	7.8041E-07	0	0.000127525	0	Control
309	-2.900671053	9.89759E-07	0	0.00074701	0	Control
310	-1.733012877	7.81727E-07	0	0.000110466	0	Control
311	-1.733012877	6.33014E-07	0	4.68415E-05	0	Control
312	0	5.32292E-07	0	5.63561E-06	0	Control
313	1.733012877	6.94148E-07	0	1.13898E-05	0	Control
314	1.733012877	8.53035E-07	0	0.000112318	0	Control
315	1.733012877	1.07347E-06	0	0.001151907	0	Control
316	-3.975164171	1.01456E-06	0	0.004743203	0	Control
317	-11.84812805	7.51441E-07	0	0.002497653	-0.007575758	Control
318	20.25879831	9.71038E-07	0	0.000782818	0	Control
319	-7.760614252	5.55297E-07	0	0.000422615	-0.060606061	Control
320	-61.14557942	3.69474E-07	0.045454545	0.000315176	-0.121212121	Control
321	-31.25937586	3.47561E-07	0	0.000109504	0	Control
322	-2.929215441	2.64746E-07	0	5.12236E-05	0	Control
323	0	4.41237E-07	0	5.37652E-06	0	Control
324	2.929215441	7.91287E-07	0.045454545	4.29291E-06	0	Control
325	-106.8081993	4.33201E-07	0	2.69251E-05	0	Control
326	-0.011284505	3.21733E-07	0	5.21893E-06	0	Control
327	0	2.64264E-07	0	5.56391E-07	0	Control
328	-4.545585703	3.44536E-07	0	2.8397E-06	0	Control
329	-0.007969312	2.65254E-07	0	5.56516E-07	0	Control
330	-0.007969312	2.10492E-07	0	1.00502E-08	0	Control
331	-0.007969312	1.71092E-07	0	1.03879E-09	0	Control
332	0.010212507	1.41065E-07	0	1.04724E-10	0	Control
333	0.018181818	1.29854E-07	0	4.18921E-11	0	Control
334	0.007969312	1.55117E-07	0	3.27558E-10	0	Control
335	0.007969312	1.8854E-07	0	3.33686E-09	0	Control
336	-0.275936038	2.34055E-07	0	3.4111E-08	0	Control
337	-4.32588486	2.85596E-07	0	1.08432E-07	0	Control
338	0	2.24434E-07	0	1.90432E-07	0	Control
339	0.015296201	2.28997E-07	0	1.85701E-06	-0.363636364	Control
340	0	2.19234E-07	0	3.59686E-07	-0.363636364	Control
341	-0.15603714	2.79952E-07	0	1.82581E-05	-0.121212121	Control
342	-11.24169702	2.89747E-07	0	0.000123159	0.012121212	Control
343	-33.79682615	2.94653E-07	0	0.000210551	0	Control
344	-6.654541449	5.72789E-07	0	0.000523574	-0.024242424	Control
345	5.356396751	7.92664E-07	0	0.001055847	0	Control
346	-4.425211479	7.98361E-07	0	0.003011486	-0.010606061	Control
347	23.38748187	1.34519E-06	0	0.001916035	0.00021645	Control
348	0.752966636	1.27944E-06	0	0.000828071	0	Control
349	-0.300714679	1.26784E-06	0	5.02569E-05	0	Control
350	1.622432232	1.22086E-06	0	2.47191E-05	-0.033333333	Control
351	1.698241871	9.68542E-07	0	2.40894E-06	0	Control
352	1.698241871	7.87093E-07	0	2.34758E-07	0	Control
353	1.698241871	6.52251E-07	0	2.28778E-08	0	Control
354	1.698241871	5.49554E-07	0	2.22951E-09	0	Control
355	1.57702975	4.66267E-07	0	2.17272E-10	0	Control
356	1.212635811	3.99538E-07	0	2.11737E-11	0	Control
357	-0.484848485	3.32485E-07	0	2.06342E-12	0	Control
358	-1.818696417	3.65726E-07	0	2.01066E-13	0	Control
359	-1.698241871	4.16434E-07	0	1.95725E-14	0	Control
360	-1.698241871	4.86017E-07	0	1.89136E-15	0	Control
361	-1.698241871	5.74884E-07	0	1.65762E-16	0	Control
362	-1.698241871	6.90564E-07	0	-7.65278E-13	0	Control
363	-1.698241871	8.45042E-07	0	-4.12192E-12	0	Control
364	0	8.40839E-07	0	1.18037E-05	0	Control
365	0.174437356	1.05718E-06	0	6.08948E-05	-0.009090909	Control
366	-0.188675553	5.27853E-07	0	1.80208E-05	-0.181818182	Control
367	0	4.23681E-07	0	3.40298E-06	-0.090909091	Control
368	0.188675553	7.21506E-07	0	3.31284E-06	-0.363636364	Control
369	-18.43163057	9.0983E-07	0	1.70907E-05	-0.018181818	Control
370	-26.20329945	2.72771E-07	0	1.67237E-06	0	Control
371	-29.50065097	2.98493E-08	0	1.64661E-07	0	Control
372	-30.37674802	1.28469E-08	0	2.68002E-08	0	Control
373	-27.12211988	9.73149E-08	0	1.14276E-07	0	Control
374	-17.22611368	1.1121E-06	0	1.17752E-06	0	Control
375	-6.820536512	2.20106E-06	0	-3.16725E-05	0	Control
376	43.23737128	3.17289E-06	0	-0.000108365	0.03030303	Control
377	-0.546336219	3.53068E-06	0	-2.24195E-05	-0.121212121	Control
378	0	3.41772E-06	0	-2.29928E-06	-0.363636364	Control
379	100.0462035	4.46148E-06	0.045454545	-2.37669E-06	-0.060606061	Control
380	18.09029545	3.45638E-06	0	-4.43866E-07	0	Control
381	18.09029545	2.75735E-06	0	2.70015E-10	0	Control
382	18.01453788	2.25359E-06	0	2.59721E-11	0	Control
383	17.56429427	1.87061E-06	0	2.49832E-12	0	Control
384	14.52611497	1.49931E-06	0	2.40322E-13	0	Control
385	5.980490672	1.0293E-06	0	2.31166E-14	0	Control
386	-6.92929731	4.2033E-07	0	2.32686E-15	0	Control
387	-15.9920795	5.49857E-08	0	1.43904E-15	0	Control
388	-18.0586501	4.09968E-09	0	1.27873E-14	0	Control
389	-18.09029545	2.40823E-09	0	1.31191E-13	0	Control
390	-18.09029545	2.88619E-09	0	1.34638E-12	0	Control
391	-18.09029545	3.53375E-09	0	1.38163E-11	0	Control
392	-18.17633441	4.42646E-09	0	1.4178E-10	0	Control
393	-0.101190476	3.50437E-09	0	1.17135E-09	0	Control
394	-0.015151515	2.84304E-09	0	3.37787E-08	0	Control
395	0.086038961	3.59753E-08	0	3.40416E-09	0	Control
396	0.101190476	4.46077E-08	0	1.48627E-09	0	Control
397	-10.48080466	5.67653E-08	0	1.19925E-08	0	Control
398	-0.025309917	4.39076E-09	0	4.55488E-08	0	Control
399	0	8.29006E-09	0	6.69001E-08	0	Control
400	-9.126995037	1.07097E-08	0	3.46522E-07	0.003030303	Control
401	-0.00743996	1.06293E-08	0	3.56983E-07	0.015151515	Control
402	0	4.32866E-09	0	2.6135E-07	0.363636364	Control
403	-7.140352938	5.63362E-09	0	2.35044E-06	0.03030303	Control
