POSITION	Effectiveness	Sensitivity	MSF	DFI	Stiffness
1	0.0028318	0.0080427	0.10524346	0.00149758	14.48701212
2	0.00285196	0.01032334	0.12823003	0.00150325	14.12181416
3	0.00380045	0.00976134	0.1420803	0.00177029	14.06965748
4	0.00665475	0.00624294	0.07850044	0.00257386	15.82745199
5	0.00578633	0.00786707	0.06984602	0.00232938	15.34068003
6	0.00321558	0.01135351	0.10573535	0.00160562	13.92417077
7	0.00442919	0.00931749	0.11301096	0.0019473	14.36235672
8	0.00734073	0.00679854	0.07098144	0.00276699	15.6870919
9	0.00579063	0.00966862	0.08760563	0.00233059	14.60922481
10	0.00281675	0.01252261	0.1294114	0.00149334	14.16706565
11	0.00335712	0.00988597	0.11048266	0.00164547	14.0902237
12	0.00539123	0.00883915	0.09020653	0.00221814	14.37886224
13	0.0046821	0.01117167	0.0847077	0.0020185	13.95669404
14	0.00857434	0.00833583	0.06857368	0.00311429	15.27493039
15	0.00740357	0.00644878	0.06523	0.00278468	15.46721653
16	0.00858873	0.00685706	0.06674686	0.00311835	16.05657982
17	0.0079233	0.00681775	0.07823633	0.002931	16.15244974
18	0.00789093	0.00672054	0.09369984	0.00292189	16.02206543
19	0.00342093	0.01070818	0.11636098	0.00166344	14.65878861
20	0.00206966	0.01385954	0.1774298	0.00128301	13.02698395
21	0.00454901	0.01257275	0.11918747	0.00198103	13.77474327
22	0.006694	0.01236107	0.10946759	0.00258492	14.36559925
23	0.00992132	0.00841367	0.07330378	0.00349351	15.87921754
24	0.01133656	0.00653617	0.06244885	0.00389195	16.70392149
25	0.0116202	0.00382901	0.05590867	0.0039718	18.18823543
26	0.008802	0.00307508	0.05782151	0.00317839	17.7922937
27	0.00757139	0.00265661	0.06739939	0.00283193	17.39932644
28	0.00817654	0.00219151	0.06306192	0.0030023	18.26014366
29	0.00790781	0.00299521	0.08200672	0.00292664	17.19525109
30	0.00614643	0.00401855	0.11931105	0.00243076	15.67081975
31	0.00612645	0.00319008	0.09557187	0.00242513	16.29110207
32	0.00543371	0.00145553	0.06651332	0.0022301	18.36268078
33	0.00507892	0.0014762	0.06039516	0.00213022	18.16714927
34	0.0056722	0.00147787	0.04903078	0.00229725	18.73446041
35	0.01016548	0.00264066	0.04779623	0.00356225	18.64369548
36	0.01421553	0.00453197	0.05408332	0.00470248	18.39128789
37	0.01550688	0.00548906	0.05258048	0.00506604	18.07910357
38	0.01906149	0.00730722	0.05863863	0.00606677	17.59641925
39	0.01473816	0.01147389	0.07568515	0.00484961	15.64226167
40	0.01008196	0.0161293	0.08894016	0.00353874	14.21649843
41	0.00609	0.01976561	0.12167724	0.00241487	12.89345187
42	0.00720179	0.01871619	0.10895133	0.00272787	13.35075619
43	0.00318833	0.0216363	0.15033565	0.00159795	12.4426906
44	0.00208898	0.02172506	0.24950995	0.00128845	12.21282359
45	0.00516778	0.0150688	0.13018508	0.00215523	13.65945611
46	0.00900551	0.01356905	0.08904639	0.00323568	14.22157658
47	0.01025001	0.01382557	0.08084311	0.00358605	14.05627675
48	0.01429174	0.01051516	0.06758853	0.00472393	15.64744218
49	0.01391897	0.01295975	0.07605887	0.00461899	14.93929001
50	0.01573516	0.01128827	0.07681968	0.0051303	15.87909388
51	0.0111421	0.01449958	0.09682297	0.0038372	14.31579384
52	0.01206522	0.01223884	0.09675534	0.00409709	14.73876533
53	0.01769856	0.00783666	0.06416932	0.00568306	17.18482617
54	0.01533789	0.01006889	0.09798995	0.00501846	16.03610674
55	0.01004591	0.01273221	0.089656	0.00352859	14.71565451
56	0.0110156	0.00904398	0.08905121	0.00380159	15.92017552
57	0.01231774	0.00744501	0.06785573	0.00416818	16.46495803
58	0.00877144	0.01202406	0.08969852	0.00316978	14.552377
59	0.00483794	0.01420569	0.13245238	0.00206237	13.91554025
60	0.0073461	0.01043175	0.13216134	0.0027685	14.60647975
61	0.00837691	0.00921844	0.09813602	0.00305871	15.22998215
62	0.00466934	0.01398914	0.10610148	0.00201491	13.70014154
63	0.0065163	0.01350174	0.09314704	0.00253489	13.95649713
64	0.0071021	0.00889192	0.0794097	0.00269981	15.31315925
65	0.00948224	0.00546862	0.05962534	0.0033699	16.49983867
66	0.01050026	0.00406495	0.06086112	0.0036565	17.53658644
67	0.0105024	0.00286981	0.05734799	0.00365711	18.39520476
68	0.00670638	0.00167506	0.05837634	0.0025884	18.65198673
69	0.00853169	0.00247077	0.05272653	0.00310229	18.59709865
70	0.00679187	0.00227294	0.04620001	0.00261247	18.45893945
71	0.0073494	0.00370329	0.06090424	0.00276943	17.27834019
72	0.00525687	0.00410693	0.0639274	0.00218032	16.19538315
73	0.0063723	0.00626099	0.09018104	0.00249435	15.70328695
74	0.00926378	0.00796636	0.0984543	0.00330839	15.90794467
75	0.01063963	0.00800876	0.08264741	0.00369574	15.95977332
76	0.01221075	0.01110148	0.09484594	0.00413806	15.11832621
77	0.00736487	0.0140454	0.13969704	0.00277379	13.74617737
78	0.00969149	0.01158475	0.10170244	0.00342881	14.60341236
79	0.00676262	0.01694767	0.14229378	0.00260423	13.53402796
80	0.01040669	0.01485664	0.10442658	0.00363016	14.15952528
81	0.01204682	0.01060436	0.07248431	0.00409191	15.05847365
82	0.00919342	0.0139772	0.09127068	0.00328859	14.05220685
83	0.01090101	0.0101896	0.08585044	0.00376933	14.88173494
84	0.00890945	0.00785547	0.10505534	0.00320864	14.87381574
85	0.00946587	0.00513547	0.07263976	0.00336529	16.42128508
86	0.00763316	0.0029791	0.07544942	0.00284932	17.39097916
87	0.00578171	0.0025428	0.07389277	0.00232808	17.45928602
88	0.00488203	0.00202125	0.05160761	0.00207479	17.8283859
89	0.00576079	0.00263012	0.04600897	0.00232218	17.56799376
90	0.00619094	0.00267289	0.05002257	0.00244329	17.86357509
91	0.00704842	0.00303933	0.07168355	0.0026847	17.46666615
92	0.00789157	0.00387744	0.07653734	0.00292207	16.93158346
93	0.0054551	0.00343729	0.0744728	0.00223612	16.74240729
94	0.00686326	0.00279346	0.06204084	0.00263257	17.91688557
95	0.00840327	0.00264765	0.04522995	0.00306613	18.79586148
96	0.007186	0.00216757	0.04737781	0.00272343	18.87901775
97	0.0069495	0.00193763	0.04943523	0.00265685	18.9313764
98	0.0067705	0.00175993	0.05353032	0.00260645	19.06470911
99	0.00557468	0.00170693	0.05165142	0.00226979	18.48223291
100	0.00575904	0.00166719	0.0540574	0.00232169	18.81585685
101	0.00593083	0.00155191	0.04446374	0.00237006	19.03529239
102	0.0058268	0.00165228	0.04631946	0.00234077	18.69270609
103	0.00480104	0.00182633	0.05717458	0.00205199	17.84959059
104	0.0046313	0.00147239	0.05830619	0.0020042	18.51066548
105	0.00569816	0.00154746	0.06169304	0.00230455	18.59974642
106	0.00457426	0.00213937	0.06595076	0.00198814	17.1122107
107	0.00430065	0.00231768	0.09151642	0.00191111	16.90342642
108	0.00408222	0.00185982	0.05311721	0.00184961	17.45163203
109	0.00464536	0.00301638	0.07024676	0.00200815	16.27262754
110	0.0034236	0.00474322	0.09358582	0.00166419	15.41744483
111	0.00490283	0.00468177	0.08121985	0.00208064	15.50877713
112	0.00551145	0.00441145	0.07376552	0.00225199	15.8894882
113	0.00292569	0.00731698	0.11944395	0.00152401	13.5117453
114	0.00276184	0.01064594	0.12067233	0.00147788	13.16176991
115	0.00224021	0.01156768	0.13032959	0.00133103	12.99523979
116	0.00318356	0.01215633	0.10475947	0.00159661	13.31922297
117	0.00496268	0.00951921	0.08820982	0.00209749	14.30371429
118	0.006738	0.00637722	0.0720987	0.0025973	15.18998152
119	0.00695419	0.00388637	0.06474277	0.00265817	16.41553966
120	0.00523046	0.00193709	0.05492348	0.00217288	17.95473453
121	0.00622731	0.00148716	0.05592421	0.00245353	18.73414867
122	0.00452062	0.0010244	0.04810346	0.00197304	19.04573453
123	0.00838642	0.00190674	0.05189865	0.00306139	18.93380948
124	0.00954461	0.00312944	0.04803165	0.00338746	18.40497564
125	0.01144928	0.00569717	0.05544829	0.00392368	17.32780855
126	0.0148993	0.0059492	0.06909236	0.00489498	17.57094984
127	0.00986706	0.00325304	0.05807093	0.00347824	18.2811328
128	0.01069708	0.0039675	0.05434018	0.00371191	18.02118152
129	0.01003121	0.00362581	0.05272248	0.00352445	18.20086613
130	0.00799511	0.00263525	0.04374055	0.00295122	18.72717374
131	0.00640935	0.00172866	0.04498388	0.00250478	19.10762362
132	0.0089177	0.00210759	0.04393012	0.00321096	19.06767581
133	0.00840784	0.00213556	0.04273121	0.00306742	19.27390501
134	0.00604277	0.00137479	0.04409699	0.00240157	19.29697139
135	0.00532696	0.0011714	0.04863086	0.00220005	19.21087403
136	0.00751622	0.00197981	0.04111944	0.0028164	18.97673294
137	0.00577026	0.00184972	0.04399511	0.00232485	18.80226319
138	0.00545103	0.00158959	0.04796224	0.00223498	18.81111411
139	0.00728143	0.0022729	0.0510933	0.0027503	18.36863869
140	0.00646707	0.00276059	0.05073527	0.00252103	17.67305543
141	0.00537296	0.00251205	0.05208037	0.002213	17.25590539
142	0.0067264	0.00313159	0.08318863	0.00259404	16.89610112
143	0.0067339	0.00415102	0.09701614	0.00259615	16.23281205
144	0.00648626	0.00458787	0.07341922	0.00252643	15.97410267
145	0.00597469	0.00490179	0.05730729	0.0023824	16.12188953
146	0.00514542	0.0045975	0.07486995	0.00214894	15.74388111
147	0.00550667	0.00461755	0.06232691	0.00225064	16.15204022
148	0.00760329	0.00367151	0.0514772	0.00284091	17.49027029
149	0.0080668	0.0043068	0.07728217	0.0029714	16.67960663
150	0.00897314	0.00576276	0.07130123	0.00322657	16.68936583
151	0.00816604	0.00378516	0.04977785	0.00299934	17.72462582
152	0.0085628	0.0040309	0.04708111	0.00311104	17.52690491
153	0.01220375	0.00606496	0.07473718	0.00413609	17.19796661
154	0.01077344	0.00500388	0.05378446	0.00373341	17.57826466
155	0.0112477	0.00328135	0.04582867	0.00386693	18.66872034
156	0.01217605	0.00523932	0.05164106	0.00412829	17.79838918
157	0.01154635	0.0068705	0.06161889	0.00395101	16.46786482
158	0.01117007	0.00463482	0.05297069	0.00384508	17.55614928
159	0.00994883	0.00419229	0.04875739	0.00350126	17.53348395
160	0.01088969	0.00715308	0.07544031	0.00376614	16.2549223
161	0.00713565	0.01058867	0.08554581	0.00270925	14.71461567
162	0.0027162	0.01252137	0.09618561	0.00146503	13.36007142
163	0.0064668	0.0092809	0.0737094	0.00252095	14.8553792
164	0.00572757	0.00674879	0.07499025	0.00231283	15.95011483
165	0.01072248	0.0046459	0.05150944	0.00371907	17.91298666
166	0.00960586	0.00400395	0.05289215	0.0034047	18.17102282
167	0.00565014	0.00484843	0.06287233	0.00229103	16.9648775
168	0.00556723	0.00383229	0.05017345	0.00226769	16.97614632
169	0.00550972	0.00327941	0.05291576	0.0022515	17.31379985
170	0.00636428	0.0027108	0.04753626	0.00249209	18.18539436
171	0.00832102	0.00312646	0.0492443	0.00304298	18.49975283
172	0.00771284	0.00309162	0.05157872	0.00287175	18.14110161
173	0.00679141	0.00235196	0.05835505	0.00261234	18.41512779
174	0.00743675	0.00223294	0.04861119	0.00279402	18.90541638
175	0.00655517	0.00240919	0.04149915	0.00254583	18.54373944
176	0.0084927	0.00231162	0.04795869	0.00309131	18.88911776
177	0.00733171	0.00185067	0.05328909	0.00276445	18.98269584
178	0.00641773	0.0019201	0.04855934	0.00250714	18.87638878
179	0.00737437	0.00245862	0.0460447	0.00277646	18.44367361
180	0.00638475	0.00228347	0.05026336	0.00249785	18.18286623
181	0.00637819	0.00189084	0.05702201	0.002496	18.36558143
182	0.00557962	0.0024089	0.05642058	0.00227118	17.35016896
183	0.00554928	0.00307015	0.06077541	0.00226264	16.45858268
184	0.0043397	0.0027115	0.06520661	0.0019221	16.0510903
185	0.00325039	0.00297276	0.07535439	0.00161542	15.16855875
186	0.00356652	0.00216965	0.06587722	0.00170443	16.19622266
187	0.00357901	0.0019716	0.06329648	0.00170794	16.56576885
188	0.00416725	0.00169706	0.0526368	0.00187355	17.5373641
189	0.0039612	0.00172286	0.07821299	0.00181554	16.87447581
190	0.00442249	0.00174729	0.06833586	0.00194541	17.32116887
191	0.00425719	0.00199546	0.06542576	0.00189887	16.79168037
192	0.00441479	0.00245675	0.05900199	0.00194324	16.27315311
193	0.00513212	0.00234317	0.05682369	0.00214519	16.59840515
194	0.00596652	0.00256803	0.07142571	0.0023801	16.74935305
195	0.00514803	0.00189373	0.06248893	0.00214967	17.40601903
196	0.00484161	0.0028578	0.0664641	0.00206341	15.8674965
197	0.00521207	0.00250217	0.07302243	0.0021677	16.59239361
198	0.00597957	0.00196026	0.0682933	0.00238378	17.73258261
199	0.00652228	0.0034248	0.07170335	0.00253657	16.48719356
200	0.00923318	0.0042146	0.0697525	0.00329978	17.03425045
201	0.00929047	0.00703925	0.08180789	0.00331591	15.53801022
202	0.01269582	0.00992393	0.07916235	0.00427463	15.52444288
203	0.014306	0.00996019	0.07705049	0.00472795	15.54357669
204	0.01882321	0.00866235	0.06442172	0.00599969	16.97459457
205	0.01606984	0.01420045	0.09108159	0.00522453	15.4403987
206	0.01365881	0.0161124	0.07712398	0.00454574	14.30458654
207	0.00659493	0.02446913	0.11002872	0.00255702	13.45723855
208	0.00287283	0.02861861	0.20855708	0.00150913	13.07722574
209	0.00889876	0.02164525	0.12393747	0.00320563	13.71165558
210	0.0145067	0.01639109	0.10095368	0.00478445	14.62432586
211	0.0174045	0.01371054	0.0763447	0.00560028	15.17489996
212	0.01642451	0.01337727	0.08322087	0.00532438	14.98150332
213	0.01544441	0.00798395	0.06682861	0.00504845	16.21734212
214	0.01133183	0.00689908	0.07187485	0.00389062	15.98347457
215	0.00830057	0.00401152	0.06547036	0.00303722	16.80305068
216	0.00625894	0.00358306	0.07409097	0.00246243	16.36288541
217	0.00517325	0.00211709	0.0569039	0.00215677	17.27083041
218	0.00471514	0.00224827	0.06538468	0.0020278	16.81271249
219	0.00464767	0.00191249	0.05504129	0.00200881	17.3186436
220	0.00553884	0.00207831	0.05251131	0.0022597	17.91725899
221	0.00417061	0.00246036	0.06150328	0.0018745	16.66359675
222	0.00357308	0.00284437	0.06605908	0.00170627	15.75411084
223	0.00296722	0.00335187	0.07804104	0.0015357	14.77959552
224	0.00367316	0.00292105	0.06988333	0.00173445	15.27455918
225	0.00467073	0.00309376	0.09243066	0.0020153	15.97766712
226	0.00543326	0.00464092	0.09441649	0.00222997	15.24491093
227	0.00631893	0.00560372	0.07788073	0.00247932	14.89798159
228	0.00778231	0.00996164	0.10761287	0.00289131	14.11891253
229	0.01108928	0.01176335	0.09619538	0.00382233	14.42225503
230	0.01111955	0.0101281	0.08213794	0.00383086	14.58838511
231	0.01072963	0.00759276	0.06908656	0.00372108	15.45841731
232	0.00795925	0.00874661	0.10111416	0.00294113	14.76852625
233	0.00591801	0.01081827	0.11176494	0.00236645	14.47072914
234	0.00603166	0.01290698	0.0993467	0.00239844	14.04936339
235	0.00326146	0.01687569	0.1605618	0.00161854	14.07349366
236	0.00405082	0.01887984	0.14537618	0.00184077	13.75537537
237	0.00819685	0.01494251	0.1124115	0.00300802	14.05646445
238	0.00773159	0.01033498	0.08878599	0.00287703	14.77203258
239	0.01013408	0.00739374	0.07063089	0.00355341	15.57618561
240	0.00707762	0.00567209	0.07747017	0.00269292	15.4713924
241	0.00665921	0.00392389	0.0661813	0.00257512	15.97750375
242	0.00505018	0.00420062	0.07450784	0.00212212	15.13011092
243	0.00444781	0.00384142	0.08574296	0.00195254	15.00471872
244	0.00267279	0.00665298	0.12349638	0.00145281	14.16629461
245	0.00196493	0.0054223	0.12317124	0.00125352	13.90850373
246	0.00377181	0.0035707	0.08509287	0.00176222	15.02093004
247	0.00349006	0.0024148	0.07877852	0.0016829	15.77844458
248	0.00550139	0.00237451	0.07035152	0.00224916	16.62107346
249	0.00538874	0.00190935	0.05452985	0.00221744	17.36330148
250	0.00498971	0.00190241	0.06712648	0.0021051	17.23971929
251	0.00543646	0.00165634	0.05566476	0.00223087	18.23741617
252	0.00571925	0.00174145	0.05473655	0.00231049	18.50445792
253	0.00564046	0.00152957	0.06191792	0.00228831	18.58547647
254	0.00581964	0.00166086	0.06203922	0.00233875	18.35835316
255	0.00518263	0.00150558	0.07054508	0.00215941	18.26573037
256	0.00639076	0.00273646	0.06942178	0.00249954	17.46700564
257	0.01125906	0.00413733	0.07456731	0.00387013	17.6236039
258	0.0117513	0.00829627	0.07410652	0.00400871	16.05524551
259	0.01388997	0.01251515	0.06981868	0.00461082	15.02715837
260	0.01098494	0.01791842	0.08013579	0.00379296	13.94474658
261	0.00781865	0.02657057	0.10626671	0.00290154	13.41560037
262	0.00516659	0.03600991	0.14926862	0.0021549	13.06909575
263	0.00151509	0.05079777	0.20480945	0.00112688	12.16362059
264	0.00233623	0.04650495	0.18352481	0.00135806	12.14429259
265	0.00238439	0.04397216	0.18352481	0.00137162	11.44373223
266	0.00271992	0.03513739	0.13799859	0.00146608	12.26514518
267	0.00843824	0.02103685	0.09914432	0.00307598	13.38386853
268	0.01361223	0.01806432	0.10469056	0.00453263	14.27282413
269	0.0121013	0.01102101	0.08610082	0.00410725	14.94569993
270	0.01469763	0.00709631	0.06630113	0.0048382	16.85957742
271	0.00929542	0.00354214	0.0714926	0.0033173	17.47176897
272	0.0054417	0.00209853	0.06199614	0.00223235	17.43369751
273	0.004851	0.00169026	0.05149741	0.00206605	18.0083076
274	0.00572789	0.00183362	0.04631889	0.00231292	18.475431
275	0.00564793	0.00143796	0.0561452	0.00229041	18.78402461
276	0.00537966	0.00153381	0.05731937	0.00221488	18.61090236
277	0.00455682	0.00144742	0.06022202	0.00198323	18.37783837
278	0.0041396	0.00148959	0.05845727	0.00186577	17.89804783
279	0.00494537	0.00143494	0.05855293	0.00209262	18.38359229
280	0.00444686	0.00140395	0.05472371	0.00195227	18.20525204
281	0.00427656	0.0018723	0.05368839	0.00190433	17.19278111
282	0.00416096	0.00217081	0.060545	0.00187178	17.01607029
283	0.00459722	0.00349511	0.07816347	0.0019946	14.97853149
284	0.00308429	0.004605	0.0801144	0.00156866	14.76562597
285	0.00166596	0.00461625	0.08065171	0.00116935	14.86125608
286	0.00241265	0.00302277	0.06847897	0.00137957	15.20097536
287	0.00206253	0.0037954	0.06343502	0.001281	14.25747561
288	0.00169429	0.00416153	0.0702191	0.00117733	14.56885995
289	0.00356577	0.00302634	0.06957091	0.00170422	15.0305256
290	0.00330999	0.00314903	0.0650781	0.0016322	15.44447469
291	0.00246343	0.00527573	0.07438598	0.00139387	13.91537233
292	0.00312575	0.00505265	0.09700931	0.00158033	14.08899206
293	0.00389719	0.00515967	0.08289032	0.00179752	14.42308822
294	0.0022595	0.00738041	0.09920378	0.00133646	13.68712322
295	0.00389886	0.00533448	0.07737556	0.00179799	14.60143739
296	0.00426976	0.00450333	0.07483431	0.00190241	15.02444497
297	0.00273611	0.00690602	0.10087018	0.00147064	13.96836626
298	0.00281842	0.00747149	0.10403529	0.00149381	13.3214905
299	0.00419509	0.00507755	0.08135276	0.00188139	15.2631157
300	0.00516637	0.00322278	0.05520637	0.00215484	16.57161444
301	0.00495105	0.00417672	0.07737556	0.00209422	14.96676303
302	0.00401177	0.00317334	0.07214606	0.00182978	15.18157017
303	0.00399057	0.00191932	0.05750356	0.00182381	17.38522261
304	0.00293105	0.00187446	0.05502748	0.00152552	17.02158099
305	0.00364356	0.00286935	0.05419605	0.00172611	16.16295323
306	0.00413078	0.00296802	0.05821694	0.00186328	16.20662806
307	0.00293629	0.00433648	0.06589751	0.00152699	14.74357119
308	0.00390915	0.00423107	0.0590563	0.00180089	15.58492813
309	0.0025716	0.00546978	0.07796897	0.00142432	14.98301157
310	0.00110981	0.00797263	0.1107623	0.00101278	14.15637469
311	0.00167439	0.00835905	0.12945425	0.00117173	14.04035109
312	0.00187453	0.00780439	0.11892891	0.00122807	14.32916805
313	0.00219134	0.00773026	0.11929728	0.00131727	14.19849078
314	0.00299295	0.00577563	0.10121016	0.00154295	14.71942896
315	0.00433341	0.00430013	0.07608938	0.00192033	15.33062732
316	0.00523381	0.00304344	0.0541439	0.00217382	16.44569706
317	0.00509931	0.0028172	0.05743062	0.00213596	16.09618718
318	0.00660613	0.00209914	0.05992026	0.00256018	17.68281
319	0.00599912	0.00262725	0.07614164	0.00238928	16.4873632
320	0.00481113	0.00198125	0.08072791	0.00205482	17.51788164
321	0.00609982	0.00363278	0.08534801	0.00241763	15.8829083
322	0.00613258	0.00430914	0.06370645	0.00242686	16.06997882
323	0.00549833	0.00425262	0.07300203	0.00224829	15.73616652
324	0.00510128	0.00244675	0.06061888	0.00213651	17.11969055
325	0.0050032	0.00233874	0.05777458	0.0021089	17.24683483
326	0.00540108	0.00291756	0.05768502	0.00222092	17.09464768
327	0.00746707	0.00455559	0.06928766	0.00280256	16.20257019
328	0.00893327	0.00499889	0.06240053	0.00321535	16.60301148
329	0.00536393	0.0053197	0.07207701	0.00221046	15.58762011
330	0.0041105	0.00791514	0.08579687	0.00185758	14.87273302
331	0.00599375	0.01144203	0.09789971	0.00238777	13.94019158
332	0.00305609	0.01439468	0.10483501	0.00156072	13.14085439
333	0.0018456	0.0203118	0.144622	0.00121993	11.92751004
334	0.00674187	0.01513888	0.08906555	0.00259839	13.70380406
335	0.00592685	0.01770408	0.11409912	0.00236894	13.47524178
336	0.01218613	0.01230376	0.07537708	0.00413113	15.03836675
337	0.01181965	0.00918578	0.06652326	0.00402796	15.38526514
338	0.01110352	0.0119562	0.08106698	0.00382634	14.6543781
339	0.00720474	0.01226374	0.08839635	0.00272871	13.53344103
340	0.00687364	0.01117534	0.11618192	0.00263549	13.34313344
341	0.00999366	0.00676717	0.06841324	0.00351388	15.7214579
342	0.00711655	0.00428148	0.06579797	0.00270388	16.11662403
343	0.00574477	0.00218854	0.07205212	0.00231767	17.56198856
344	0.00634892	0.00242975	0.07896394	0.00248776	17.27091143
345	0.00626169	0.0017277	0.06668516	0.00246321	17.89168109
346	0.00559406	0.00235467	0.05787576	0.00227525	16.80856427
347	0.00562515	0.00229778	0.05231211	0.002284	16.98823464
348	0.0057262	0.00328633	0.06469287	0.00231245	15.85482876
349	0.00514591	0.00347658	0.07213056	0.00214908	15.50682374
350	0.00368717	0.00388103	0.09297266	0.00173839	14.9613598
351	0.00186769	0.00521821	0.1408779	0.00122615	13.9644775
352	0.00089342	0.00576037	0.16923236	0.00095186	13.11608876
353	0.00126214	0.00589895	0.15702647	0.00105567	13.136184
354	0.0011495	0.00590096	0.16214985	0.00102395	12.50808142
355	0.00147172	0.00591193	0.23706601	0.00111467	12.33253705
356	0.00144728	0.00603388	0.20831972	0.00110779	12.27099746
357	0.00287824	0.00408269	0.12412265	0.00151065	13.76776442
358	0.00202386	0.00487859	0.16304208	0.00127012	12.89432148
359	0.00321757	0.0045571	0.19453578	0.00160618	13.65320576
360	0.00350568	0.00331321	0.1387384	0.0016873	14.75267974
361	0.00319745	0.00355469	0.10971157	0.00160052	14.47545414
362	0.00329535	0.00343634	0.09516751	0.00162808	14.41926278
363	0.00303803	0.00343224	0.12172374	0.00155564	14.35903269
364	0.00259791	0.00356593	0.08774776	0.00143173	14.05434124
365	0.00399411	0.0026111	0.07869261	0.00182481	15.46505171
366	0.00274217	0.0035276	0.08196041	0.00147234	14.23285764
367	0.00214671	0.00335657	0.08754001	0.0013047	13.58982439
368	0.00130259	0.00380672	0.09167082	0.00106705	13.56248158
369	0.00275116	0.00293303	0.06821654	0.00147488	15.39216592
370	0.0024265	0.00389845	0.09004325	0.00138347	14.32600046
371	0.00196051	0.00388889	0.10293349	0.00125228	14.14795399
372	0.00212352	0.00408615	0.08205619	0.00129817	14.2849885
373	0.00281595	0.00379415	0.08682645	0.00149311	14.75157282
374	0.00362994	0.00295828	0.06898037	0.00172228	15.69953657
375	0.0036364	0.00302939	0.09249615	0.0017241	14.99285728
376	0.00390114	0.00275336	0.06134365	0.00179863	16.05482625
377	0.00360528	0.00242423	0.06424825	0.00171534	15.92612747
378	0.00336657	0.00223468	0.0508608	0.00164813	16.24915902
379	0.00519512	0.00204803	0.05491738	0.00216293	17.76973303
380	0.00342122	0.00215826	0.06090601	0.00166352	16.28365474
381	0.00474055	0.00199748	0.06432012	0.00203495	17.20498738
382	0.00379041	0.00264441	0.08695385	0.00176746	15.59753967
383	0.00235507	0.00280569	0.08220173	0.00136336	14.69635859
384	0.00317245	0.00250151	0.05940344	0.00159348	15.62517569
385	0.00317587	0.00321381	0.10267803	0.00159444	14.75945807
386	0.00185899	0.00369036	0.09084807	0.0012237	14.30046362
387	0.00259602	0.00355415	0.09210531	0.0014312	14.12564788
388	0.00215084	0.00364135	0.08800379	0.00130586	14.30741417
389	0.00322622	0.00290163	0.07285932	0.00160862	14.89064642
390	0.00296949	0.00342274	0.08593153	0.00153634	14.7632649
391	0.00201101	0.00381024	0.08330718	0.0012665	14.32445122
392	0.00301495	0.00268361	0.05837677	0.00154914	15.12495338
393	0.00251112	0.00320074	0.06636146	0.00140729	14.45683526
394	0.00171951	0.00384735	0.06912908	0.00118443	13.84851097
395	0.0011756	0.00431645	0.07945349	0.0010313	13.71245311
396	0.00374356	0.00307654	0.06871535	0.00175427	15.44398211
397	0.00307602	0.00250291	0.05695473	0.00156633	15.61137261
398	0.00269528	0.00304665	0.07160042	0.00145914	14.75765949
399	0.00220331	0.00350466	0.0709884	0.00132064	14.2550569
400	0.00397264	0.00263371	0.0592324	0.00181876	15.86194289
401	0.00381003	0.00302683	0.06561827	0.00177298	15.38909668
402	0.00274793	0.00280773	0.06693355	0.00147397	15.24614555
403	0.0041589	0.00215813	0.05263541	0.0018712	16.82946185
