-0.000000000000000000e+00
1.005692986132507905e+00
1.116731447494694329e+00
2.144906810311745904e+00
8.791518053209103067e-01
5.982695885852572504e-01
1.688251095379344147e+00
1.553094501992674514e+00
1.104530466725980598e-01
1.104530466725980598e-01
6.948093890116864291e-01
1.311005430923523063e+00
6.310051928046934711e-01
1.049051688691871043e+00
-0.000000000000000000e+00
6.238995751945723978e-01
1.765362802838378986e+00
1.223969137330787937e+00
9.442034282239104570e-01
6.965659178642660265e-01
4.442686545817681187e-01
6.310051928046934711e-01
-0.000000000000000000e+00
-0.000000000000000000e+00
-0.000000000000000000e+00
9.112839678132570453e-01
1.125159341196392826e-01
1.084713390359160479e-01
1.609972923296000502e+00
9.042451483225435460e-01
1.019792458225993625e+00
7.078880996228404943e-01
4.236111699551715071e-01
1.065659588280199882e-01
1.047324391050865333e-01
1.047324391050865333e-01
7.216390319914876006e-01
1.047324391050865333e-01
5.476393582015577355e-01
1.051005159541215761e+00
1.293372214726644431e+00
8.602486772382316182e-01
-0.000000000000000000e+00
6.889948518750387274e-01
1.030005045457934587e+00
3.443379000998386119e-01
1.047324391050865333e-01
-0.000000000000000000e+00
1.567341101487801147e+00
8.319523509477069201e-01
9.583564179361012680e-01
9.172831508056412675e-01
1.788449127168475483e-01
1.495288586105694595e+00
9.320958397838654541e-01
1.818202823049180350e-01
4.850940913022115386e-01
8.314428981046335654e-01
2.072205015490175217e+00
1.064880308888758398e+00
-0.000000000000000000e+00
1.237144968514436894e+00
1.527057982987412910e+00
3.923791765259528885e-01
-0.000000000000000000e+00
6.836528325828585828e-01
6.011538111794035855e-01
1.065659588280199882e-01
-0.000000000000000000e+00
-0.000000000000000000e+00
1.029666604654124462e-01
1.293731296421467558e+00
1.759751250976270831e-01
2.054707498023055634e-01
1.971099419202013259e+00
1.029666604654124462e-01
3.388856117085273234e-01
2.027855953723961324e+00
1.850006389943520180e+00
5.814356652329406572e-01
1.012648175667919259e-01
1.806666150519962377e+00
1.834475807462616626e+00
6.995903985811894321e-01
-0.000000000000000000e+00
1.032425728286238131e+00
2.322205139258012085e+00
7.144447211969660039e-01
6.758055116607600832e-01
3.445982481028228017e-01
1.045206728413016206e+00
-0.000000000000000000e+00
-0.000000000000000000e+00
9.236316143558289671e-01
2.868359830561607038e-01
-0.000000000000000000e+00
2.066886902397462311e+00
1.376433175958932775e+00
6.414292722179659734e-01
6.995903985811894321e-01
3.862680438390836413e-01
1.259597975085963162e+00
1.001141722341308160e+00
2.020863392725081864e-01
-0.000000000000000000e+00
1.353832931170318332e+00
5.315417547194092318e-01
8.581769388320918956e-01
9.976101891024825585e-01
2.017352934818052113e+00
2.735737942248850918e-01
1.012648175667919259e-01
1.693035793378067755e+00
1.671807642086607704e+00
8.458350567295580547e-01
1.924801671707782269e+00
2.090111316104014350e+00
7.232545110011121547e-01
3.341427913871891087e-01
6.448717108445295443e-01
6.006038840777274679e-01
6.853142072764581982e-01
-0.000000000000000000e+00
-0.000000000000000000e+00
-0.000000000000000000e+00
1.012648175667919259e-01
1.012648175667919259e-01
-0.000000000000000000e+00
-0.000000000000000000e+00
-0.000000000000000000e+00
-0.000000000000000000e+00
-0.000000000000000000e+00
6.976270079285686876e-01
1.012648175667919259e-01
4.505612088663046300e-01
2.735737942248850918e-01
8.647400965276371698e-01
1.012648175667919259e-01
3.767701612564367530e-01
2.735737942248850918e-01
7.292213672646401523e-01
1.640185245130865610e+00
1.438250929875208417e+00
1.850267778663597262e+00
1.173108129538783961e+00
2.249600821687109509e+00
1.650685638300110947e+00
8.361386355127522485e-01
1.790125751093356810e+00
1.115012466672273828e+00
2.735737942248850918e-01
4.023605131494848997e-01
2.080006168070601014e+00
1.190880217310458677e+00
-0.000000000000000000e+00
7.353432884656444513e-01
1.898901940417074830e+00
1.763539891279424454e+00
-0.000000000000000000e+00
1.732052067491771097e-01
1.920855681057057174e+00
5.382674532283413527e-01
2.040224032552174993e+00
2.735737942248850918e-01
1.012648175667919259e-01
1.012648175667919259e-01
-0.000000000000000000e+00
1.012648175667919259e-01
2.020863392725081864e-01
1.012648175667919259e-01
1.012648175667919259e-01
6.305282692228711960e-01
1.012648175667919259e-01
1.012648175667919259e-01
1.732052067491771097e-01
2.153741822316360022e+00
-0.000000000000000000e+00
4.825775651770120578e-01
1.719120106184783614e+00
2.307566749615144186e+00
6.703104047412969946e-01
1.030634903977637684e+00
1.502756539798419944e+00
2.038279837097375591e+00
2.142903364195605675e+00
1.214500996222847906e+00
2.302302759214816863e+00
2.735737942248850918e-01
1.705862116046942489e+00
1.560529155309877236e+00
1.620578726437887029e+00
1.968592046819489960e+00
8.440673433189773700e-01
1.779466327133973458e+00
1.444175889581183148e+00
1.663906889579700454e+00
1.818171404280414460e+00
1.458943389305879634e+00
2.200098619014758672e+00
1.398970875873207564e+00
1.727122120214331424e+00
1.352680883673815782e+00
1.678751557858685794e+00
4.729114414090768159e-01
1.981658861575426478e+00
1.471386826160745231e+00
1.937895778163344129e+00
1.355275045108692122e+00
9.078902826683452609e-01
1.590385869644095562e+00
1.440932804170723891e+00
1.939937197733863083e+00
1.211396768344953578e+00
2.068490516181371586e+00
1.030313198087766668e+00
1.791154048641885543e+00
8.378989752979879579e-01
1.981499790143723239e+00
1.098709233804415764e+00
1.994066578458583372e+00
1.491564147194812895e+00
1.633399596111196672e+00
1.227326628462144242e+00
1.415851941839729511e+00
1.905094446370456884e+00
1.785722303347812234e+00
9.813938794024910095e-01
2.341539974564490034e+00
2.013140187399660164e+00
2.326695268249835635e+00
1.701818756887214068e+00
2.108360059859930136e+00
1.437616707641698799e+00
1.322306128311111939e+00
1.808063644190688102e+00
2.177568248070440582e+00
2.093286933589274756e+00
2.505074937643491317e+00
1.917217249380479771e+00
2.389092895541546913e+00
1.980455027176374116e+00
2.373697888381121057e+00
1.813636056835767008e+00
1.858791402971857076e+00
1.714847027676222435e+00
1.391115600600396185e+00
1.536070350256469652e+00
1.057136273977389518e+00
8.994182766080605074e-01
1.611597590121006895e+00
1.012648175667919259e-01
-0.000000000000000000e+00
6.499878819913240680e-01
7.123303971079975039e-01
9.532344624914563802e-01
9.596035653422789746e-01
9.834607807692258286e-01
1.128808859644573781e+00
1.488600670568880791e+00
3.921199120849302999e-01
1.579769533313829966e+00
1.300841231101752538e+00
1.405570527675574111e+00
1.286853404579175297e+00
1.908357701994261246e+00
9.891516307531226238e-01
7.393725340996152307e-01
1.117216732233198062e+00
1.055372454149144712e+00
1.227537137032007397e+00
2.868359830561607038e-01
5.794656928739611024e-01
3.734793806261538229e-01
-0.000000000000000000e+00
1.005124949173717086e+00
1.012648175667919259e-01
-0.000000000000000000e+00
2.735737942248850918e-01
1.732052067491771097e-01
9.775720029405378098e-01
2.195028616647499931e+00
2.230048843282023796e+00
2.295743393632852403e+00
2.162323223825471707e+00
2.217621236534375040e+00
2.480853544755130535e+00
2.581655195391407087e+00
2.070234166319314895e+00
2.428871317959802933e+00
2.121553464882453444e+00
1.794963132684742169e+00
8.971651947431393825e-01
9.331421646461760533e-01
2.060424672727915851e+00
1.983148842775169562e+00
2.074331265231422972e+00
2.398812337106431158e+00
2.274742820856892944e+00
2.039712555913592240e+00
1.977562902475955342e+00
2.484906649788000799e+00
2.002883041090650629e+00
1.723391706022052494e+00
2.106577333232115379e+00
2.462814373674546697e+00
2.393600736992529843e+00
2.499029729236381225e+00
2.501230589984314356e+00
2.353603841909946759e+00
1.812282952990734497e+00
2.370421107087820722e+00
1.949627315361500024e+00
2.271041864167907320e+00
2.223342738943322683e+00
2.242764982409933161e+00
1.816629504929852645e+00
2.032309426682759934e+00
1.113432113261463741e+00
1.393615066688743909e+00
8.591389331462517820e-01
2.121160688802019134e+00
1.732052067491771097e-01
2.196383856934950085e+00
1.238732447860166230e+00
5.794656928739611024e-01
-0.000000000000000000e+00
1.373826186456431397e+00
5.315417547194092318e-01
1.212744679662447034e+00
1.012648175667919259e-01
1.732052067491771097e-01
8.922260188224847566e-01
1.648213199323591560e+00
1.014576137105340559e+00
8.172442674293546316e-01
2.153237356963191296e+00
8.249938102225935488e-01
6.980262583590033376e-01
1.298721370105284434e+00
1.134338707097352739e+00
1.012648175667919259e-01
7.103693752924721272e-01
7.103693752924721272e-01
1.957815982644979247e+00
1.179468318281819972e+00
2.019842184881483149e+00
1.117160927514881719e+00
1.902517701001087191e+00
2.041739073472623289e+00
2.030442034490175462e+00
1.955527750859797242e+00
1.986082609987726233e+00
2.235138530870877105e+00
1.794357482728688336e+00
1.657283047672887921e+00
1.676448603590563469e+00
1.923200743354867903e+00
2.174218708249946008e+00
1.755165148477741965e+00
2.030326328588342388e+00
1.998492828226537510e+00
1.533998645638286584e+00
1.690677819444632357e+00
1.623789612671744154e+00
2.032447874928238196e+00
1.776074141653640748e+00
9.267605646029316580e-01
1.663295061209019376e+00
1.670162388040325130e+00
1.018447308647220328e+00
1.631956469421286027e+00
1.534643354073491839e+00
1.832024261363764950e+00
1.495884232313154927e+00
1.311305942002391811e+00
1.534643354073491839e+00
1.725392212075398390e+00
1.349432316594299852e+00
1.732444906702053089e+00
1.271899083808095909e+00
2.868359830561607038e-01
9.925910687668288990e-01
1.241376277741208511e+00
5.181862130502128405e-01
1.373468594102681628e+00
6.096274235960984500e-01
1.164872911901370323e+00
6.598720137848266276e-01
7.774621319109287221e-01
6.277052571971504236e-01
1.178654996341646166e+00
8.369882167858357924e-01
8.876942757991039823e-01
6.901856760188042061e-01
6.791932659915256298e-01
1.583258459420476605e+00
-0.000000000000000000e+00
1.342113178914400295e+00
-0.000000000000000000e+00
-0.000000000000000000e+00
-0.000000000000000000e+00
-0.000000000000000000e+00
-0.000000000000000000e+00
